z v theta phi M V T
0.00000000e+00 0.00000000e+00 0.00000000e+00 0.00000000e+00 5.00000000e+02 1.00000000e+03 2.00000000e+03
2.50000000e+00 3.71558489e-06 2.97060546e-06 1.56347738e-05 4.97500000e+02 1.00000000e+03 2.00000000e+03
5.00000000e+00 1.48437034e-05 5.93002225e-06 3.12891277e-05 4.95000000e+02 1.00000000e+03 2.00000000e+03
7.50000000e+00 3.33563489e-05 8.87822230e-06 4.69631110e-05 4.92500000e+02 1.00000000e+03 2.00000000e+03
1.00000000e+01 5.92254442e-05 1.18151775e-05 6.26567728e-05 4.90000000e+02 1.00000000e+03 2.00000000e+03
1.25000000e+01 9.24228418e-05 1.47408594e-05 7.83701627e-05 4.87500000e+02 1.00000000e+03 2.00000000e+03
1.50000000e+01 1.32920323e-04 1.76552399e-05 9.41033303e-05 4.85000000e+02 1.00000000e+03 2.00000000e+03
1.75000000e+01 1.80689599e-04 2.05582902e-05 1.09856325e-04 4.82500000e+02 1.00000000e+03 2.00000000e+03
2.00000000e+01 2.35702309e-04 2.34499820e-05 1.25629198e-04 4.80000000e+02 1.00000000e+03 2.00000000e+03
2.25000000e+01 2.97930020e-04 2.63302864e-05 1.41421999e-04 4.77500000e+02 1.00000000e+03 2.00000000e+03
2.50000000e+01 3.67344228e-04 2.91991747e-05 1.57234778e-04 4.75000000e+02 1.00000000e+03 2.00000000e+03
2.75000000e+01 4.43916356e-04 3.20566179e-05 1.73067585e-04 4.72500000e+02 1.00000000e+03 2.00000000e+03
3.00000000e+01 5.27617756e-04 3.49025871e-05 1.88920473e-04 4.70000000e+02 1.00000000e+03 2.00000000e+03
3.25000000e+01 6.18419705e-04 3.77370530e-05 2.04793491e-04 4.67500000e+02 1.00000000e+03 2.00000000e+03
3.50000000e+01 7.16293410e-04 4.05599864e-05 2.20686690e-04 4.65000000e+02 1.00000000e+03 2.00000000e+03
3.75000000e+01 8.21210002e-04 4.33713580e-05 2.36600124e-04 4.62500000e+02 1.00000000e+03 2.00000000e+03
4.00000000e+01 9.33140541e-04 4.61711382e-05 2.52533841e-04 4.60000000e+02 1.00000000e+03 2.00000000e+03
4.25000000e+01 1.05205601e-03 4.89592975e-05 2.68487896e-04 4.57500000e+02 1.00000000e+03 2.00000000e+03
4.50000000e+01 1.17792732e-03 5.17358063e-05 2.84462339e-04 4.55000000e+02 1.00000000e+03 2.00000000e+03
4.75000000e+01 1.31072531e-03 5.45006346e-05 3.00457223e-04 4.52500000e+02 1.00000000e+03 2.00000000e+03
5.00000000e+01 1.45042073e-03 5.72537525e-05 3.16472600e-04 4.50000000e+02 1.00000000e+03 2.00000000e+03
5.25000000e+01 1.59698429e-03 5.99951300e-05 3.32508522e-04 4.47500000e+02 1.00000000e+03 2.00000000e+03
5.50000000e+01 1.75038657e-03 6.27247370e-05 3.48565044e-04 4.45000000e+02 1.00000000e+03 2.00000000e+03
5.75000000e+01 1.91059814e-03 6.54425431e-05 3.64642216e-04 4.42500000e+02 1.00000000e+03 2.00000000e+03
6.00000000e+01 2.07758943e-03 6.81485180e-05 3.80740094e-04 4.40000000e+02 1.00000000e+03 2.00000000e+03
6.25000000e+01 2.25133084e-03 7.08426311e-05 3.96858729e-04 4.37500000e+02 1.00000000e+03 2.00000000e+03
6.50000000e+01 2.43179268e-03 7.35248518e-05 4.12998176e-04 4.35000000e+02 1.00000000e+03 2.00000000e+03
6.75000000e+01 2.61894516e-03 7.61951494e-05 4.29158489e-04 4.32500000e+02 1.00000000e+03 2.00000000e+03
7.00000000e+01 2.81275846e-03 7.88534930e-05 4.45339721e-04 4.30000000e+02 1.00000000e+03 2.00000000e+03
7.25000000e+01 3.01320264e-03 8.14998516e-05 4.61541926e-04 4.27500000e+02 1.00000000e+03 2.00000000e+03
7.50000000e+01 3.22024771e-03 8.41341941e-05 4.77765160e-04 4.25000000e+02 1.00000000e+03 2.00000000e+03
7.75000000e+01 3.43386357e-03 8.67564893e-05 4.94009477e-04 4.22500000e+02 1.00000000e+03 2.00000000e+03
8.00000000e+01 3.65402009e-03 8.93667058e-05 5.10274932e-04 4.20000000e+02 1.00000000e+03 2.00000000e+03
8.25000000e+01 3.88068701e-03 9.19648121e-05 5.26561579e-04 4.17500000e+02 1.00000000e+03 2.00000000e+03
8.50000000e+01 4.11383403e-03 9.45507767e-05 5.42869474e-04 4.15000000e+02 1.00000000e+03 2.00000000e+03
8.75000000e+01 4.35343075e-03 9.71245678e-05 5.59198673e-04 4.12500000e+02 1.00000000e+03 2.00000000e+03
9.00000000e+01 4.59944670e-03 9.96861536e-05 5.75549231e-04 4.10000000e+02 1.00000000e+03 2.00000000e+03
9.25000000e+01 4.85185132e-03 1.02235502e-04 5.91921205e-04 4.07500000e+02 1.00000000e+03 2.00000000e+03
9.50000000e+01 5.11061398e-03 1.04772581e-04 6.08314650e-04 4.05000000e+02 1.00000000e+03 2.00000000e+03
9.75000000e+01 5.37570397e-03 1.07297359e-04 6.24729623e-04 4.02500000e+02 1.00000000e+03 2.00000000e+03
1.00000000e+02 5.64709050e-03 1.09809802e-04 6.41166180e-04 4.00000000e+02 1.00000000e+03 2.00000000e+03
1.02500000e+02 5.92474268e-03 1.12309879e-04 6.57624378e-04 3.97500000e+02 1.00000000e+03 2.00000000e+03
1.05000000e+02 6.20862956e-03 1.14797557e-04 6.74104275e-04 3.95000000e+02 1.00000000e+03 2.00000000e+03
1.07500000e+02 6.49872010e-03 1.17272803e-04 6.90605928e-04 3.92500000e+02 1.00000000e+03 2.00000000e+03
1.10000000e+02 6.79498319e-03 1.19735585e-04 7.07129394e-04 3.90000000e+02 1.00000000e+03 2.00000000e+03
1.12500000e+02 7.09738761e-03 1.22185868e-04 7.23674730e-04 3.87500000e+02 1.00000000e+03 2.00000000e+03
1.15000000e+02 7.40590209e-03 1.24623621e-04 7.40241996e-04 3.85000000e+02 1.00000000e+03 2.00000000e+03
1.17500000e+02 7.72049525e-03 1.27048810e-04 7.56831248e-04 3.82500000e+02 1.00000000e+03 2.00000000e+03
1.20000000e+02 8.04113564e-03 1.29461402e-04 7.73442546e-04 3.80000000e+02 1.00000000e+03 2.00000000e+03
1.22500000e+02 8.36779173e-03 1.31861363e-04 7.90075949e-04 3.77500000e+02 1.00000000e+03 2.00000000e+03
1.25000000e+02 8.70043190e-03 1.34248659e-04 8.06731514e-04 3.75000000e+02 1.00000000e+03 2.00000000e+03
1.27500000e+02 9.03902444e-03 1.36623256e-04 8.23409302e-04 3.72500000e+02 1.00000000e+03 2.00000000e+03
1.30000000e+02 9.38353757e-03 1.38985121e-04 8.40109371e-04 3.70000000e+02 1.00000000e+03 2.00000000e+03
1.32500000e+02 9.73393941e-03 1.41334220e-04 8.56831782e-04 3.67500000e+02 1.00000000e+03 2.00000000e+03
1.35000000e+02 1.00901980e-02 1.43670518e-04 8.73576593e-04 3.65000000e+02 1.00000000e+03 2.00000000e+03
1.37500000e+02 1.04522813e-02 1.45993981e-04 8.90343866e-04 3.62500000e+02 1.00000000e+03 2.00000000e+03
1.40000000e+02 1.08201572e-02 1.48304575e-04 9.07133660e-04 3.60000000e+02 1.00000000e+03 2.00000000e+03
1.42500000e+02 1.11937934e-02 1.50602265e-04 9.23946037e-04 3.57500000e+02 1.00000000e+03 2.00000000e+03
1.45000000e+02 1.15731577e-02 1.52887015e-04 9.40781056e-04 3.55000000e+02 1.00000000e+03 2.00000000e+03
1.47500000e+02 1.19582177e-02 1.55158793e-04 9.57638780e-04 3.52500000e+02 1.00000000e+03 2.00000000e+03
1.50000000e+02 1.23489408e-02 1.57417561e-04 9.74519268e-04 3.50000000e+02 1.00000000e+03 2.00000000e+03
1.52500000e+02 1.27452946e-02 1.59663285e-04 9.91422584e-04 3.47500000e+02 1.00000000e+03 2.00000000e+03
1.55000000e+02 1.31472464e-02 1.61895930e-04 1.00834879e-03 3.45000000e+02 1.00000000e+03 2.00000000e+03
1.57500000e+02 1.35547634e-02 1.64115461e-04 1.02529794e-03 3.42500000e+02 1.00000000e+03 2.00000000e+03
1.60000000e+02 1.39678127e-02 1.66321841e-04 1.04227011e-03 3.40000000e+02 1.00000000e+03 2.00000000e+03
1.62500000e+02 1.43863616e-02 1.68515035e-04 1.05926536e-03 3.37500000e+02 1.00000000e+03 2.00000000e+03
1.65000000e+02 1.48103769e-02 1.70695007e-04 1.07628374e-03 3.35000000e+02 1.00000000e+03 2.00000000e+03
1.67500000e+02 1.52398256e-02 1.72861721e-04 1.09332532e-03 3.32500000e+02 1.00000000e+03 2.00000000e+03
1.70000000e+02 1.56746744e-02 1.75015140e-04 1.11039017e-03 3.30000000e+02 1.00000000e+03 2.00000000e+03
1.72500000e+02 1.61148901e-02 1.77155229e-04 1.12747835e-03 3.27500000e+02 1.00000000e+03 2.00000000e+03
1.75000000e+02 1.65604394e-02 1.79281951e-04 1.14458992e-03 3.25000000e+02 1.00000000e+03 2.00000000e+03
1.77500000e+02 1.70112887e-02 1.81395269e-04 1.16172495e-03 3.22500000e+02 1.00000000e+03 2.00000000e+03
1.80000000e+02 1.74674046e-02 1.83495147e-04 1.17888349e-03 3.20000000e+02 1.00000000e+03 2.00000000e+03
1.82500000e+02 1.79287532e-02 1.85581547e-04 1.19606563e-03 3.17500000e+02 1.00000000e+03 2.00000000e+03
1.85000000e+02 1.83953010e-02 1.87654432e-04 1.21327141e-03 3.15000000e+02 1.00000000e+03 2.00000000e+03
1.87500000e+02 1.88670141e-02 1.89713766e-04 1.23050091e-03 3.12500000e+02 1.00000000e+03 2.00000000e+03
1.90000000e+02 1.93438585e-02 1.91759510e-04 1.24775419e-03 3.10000000e+02 1.00000000e+03 2.00000000e+03
1.92500000e+02 1.98258003e-02 1.93791627e-04 1.26503132e-03 3.07500000e+02 1.00000000e+03 2.00000000e+03
1.95000000e+02 2.03128053e-02 1.95810080e-04 1.28233236e-03 3.05000000e+02 1.00000000e+03 2.00000000e+03
1.97500000e+02 2.08048393e-02 1.97814831e-04 1.29965738e-03 3.02500000e+02 1.00000000e+03 2.00000000e+03
2.00000000e+02 2.13018680e-02 1.99805841e-04 1.31700645e-03 3.00000000e+02 1.00000000e+03 2.00000000e+03
2.02500000e+02 2.18038570e-02 2.01783072e-04 1.33437962e-03 2.97500000e+02 1.00000000e+03 2.00000000e+03
2.05000000e+02 2.23107718e-02 2.03746486e-04 1.35177698e-03 2.95000000e+02 1.00000000e+03 2.00000000e+03
2.07500000e+02 2.28225779e-02 2.05696045e-04 1.36919859e-03 2.92500000e+02 1.00000000e+03 2.00000000e+03
2.10000000e+02 2.33392405e-02 2.07631709e-04 1.38664451e-03 2.90000000e+02 1.00000000e+03 2.00000000e+03
2.12500000e+02 2.38607248e-02 2.09553441e-04 1.40411481e-03 2.87500000e+02 1.00000000e+03 2.00000000e+03
2.15000000e+02 2.43869960e-02 2.11461200e-04 1.42160957e-03 2.85000000e+02 1.00000000e+03 2.00000000e+03
2.17500000e+02 2.49180191e-02 2.13354948e-04 1.43912884e-03 2.82500000e+02 1.00000000e+03 2.00000000e+03
2.20000000e+02 2.54537591e-02 2.15234646e-04 1.45667270e-03 2.80000000e+02 1.00000000e+03 2.00000000e+03
2.22500000e+02 2.59941806e-02 2.17100253e-04 1.47424122e-03 2.77500000e+02 1.00000000e+03 2.00000000e+03
2.25000000e+02 2.65392486e-02 2.18951731e-04 1.49183447e-03 2.75000000e+02 1.00000000e+03 2.00000000e+03
2.27500000e+02 2.70889275e-02 2.20789040e-04 1.50945251e-03 2.72500000e+02 1.00000000e+03 2.00000000e+03
2.30000000e+02 2.76431819e-02 2.22612138e-04 1.52709542e-03 2.70000000e+02 1.00000000e+03 2.00000000e+03
2.32500000e+02 2.82019763e-02 2.24420987e-04 1.54476327e-03 2.67500000e+02 1.00000000e+03 2.00000000e+03
2.35000000e+02 2.87652749e-02 2.26215546e-04 1.56245613e-03 2.65000000e+02 1.00000000e+03 2.00000000e+03
2.37500000e+02 2.93330421e-02 2.27995775e-04 1.58017406e-03 2.62500000e+02 1.00000000e+03 2.00000000e+03
2.40000000e+02 2.99052418e-02 2.29761632e-04 1.59791714e-03 2.60000000e+02 1.00000000e+03 2.00000000e+03
2.42500000e+02 3.04818382e-02 2.31513077e-04 1.61568545e-03 2.57500000e+02 1.00000000e+03 2.00000000e+03
2.45000000e+02 3.10627952e-02 2.33250069e-04 1.63347905e-03 2.55000000e+02 1.00000000e+03 2.00000000e+03
2.47500000e+02 3.16480765e-02 2.34972567e-04 1.65129801e-03 2.52500000e+02 1.00000000e+03 2.00000000e+03
2.50000000e+02 3.22376459e-02 2.36680529e-04 1.66914241e-03 2.50000000e+02 1.00000000e+03 2.00000000e+03
2.52500000e+02 3.28314670e-02 2.38373914e-04 1.68701232e-03 2.47500000e+02 1.00000000e+03 2.00000000e+03
2.55000000e+02 3.34295033e-02 2.40052679e-04 1.70490781e-03 2.45000000e+02 1.00000000e+03 2.00000000e+03
2.57500000e+02 3.40317182e-02 2.41716784e-04 1.72282896e-03 2.42500000e+02 1.00000000e+03 2.00000000e+03
2.60000000e+02 3.46380750e-02 2.43366186e-04 1.74077584e-03 2.40000000e+02 1.00000000e+03 2.00000000e+03
2.62500000e+02 3.52485368e-02 2.45000842e-04 1.75874853e-03 2.37500000e+02 1.00000000e+03 2.00000000e+03
2.65000000e+02 3.58630668e-02 2.46620711e-04 1.77674709e-03 2.35000000e+02 1.00000000e+03 2.00000000e+03
2.67500000e+02 3.64816280e-02 2.48225749e-04 1.79477161e-03 2.32500000e+02 1.00000000e+03 2.00000000e+03
2.70000000e+02 3.71041832e-02 2.49815914e-04 1.81282215e-03 2.30000000e+02 1.00000000e+03 2.00000000e+03
2.72500000e+02 3.77306952e-02 2.51391163e-04 1.83089880e-03 2.27500000e+02 1.00000000e+03 2.00000000e+03
2.75000000e+02 3.83611265e-02 2.52951452e-04 1.84900163e-03 2.25000000e+02 1.00000000e+03 2.00000000e+03
2.77500000e+02 3.89954399e-02 2.54496738e-04 1.86713071e-03 2.22500000e+02 1.00000000e+03 2.00000000e+03
2.80000000e+02 3.96335977e-02 2.56026978e-04 1.88528612e-03 2.20000000e+02 1.00000000e+03 2.00000000e+03
2.82500000e+02 4.02755622e-02 2.57542128e-04 1.90346794e-03 2.17500000e+02 1.00000000e+03 2.00000000e+03
2.85000000e+02 4.09212957e-02 2.59042143e-04 1.92167625e-03 2.15000000e+02 1.00000000e+03 2.00000000e+03
2.87500000e+02 4.15707603e-02 2.60526980e-04 1.93991112e-03 2.12500000e+02 1.00000000e+03 2.00000000e+03
2.90000000e+02 4.22239179e-02 2.61996595e-04 1.95817263e-03 2.10000000e+02 1.00000000e+03 2.00000000e+03
2.92500000e+02 4.28807305e-02 2.63450942e-04 1.97646085e-03 2.07500000e+02 1.00000000e+03 2.00000000e+03
2.95000000e+02 4.35411599e-02 2.64889977e-04 1.99477587e-03 2.05000000e+02 1.00000000e+03 2.00000000e+03
2.97500000e+02 4.42051676e-02 2.66313656e-04 2.01311777e-03 2.02500000e+02 1.00000000e+03 2.00000000e+03
3.00000000e+02 4.48727153e-02 2.67721932e-04 2.03148662e-03 2.00000000e+02 1.00000000e+03 2.00000000e+03
3.02500000e+02 4.55437644e-02 2.69114761e-04 2.04988250e-03 1.97500000e+02 1.00000000e+03 2.00000000e+03
3.05000000e+02 4.62182762e-02 2.70492097e-04 2.06830550e-03 1.95000000e+02 1.00000000e+03 2.00000000e+03
3.07500000e+02 4.68962120e-02 2.71853895e-04 2.08675568e-03 1.92500000e+02 1.00000000e+03 2.00000000e+03
3.10000000e+02 4.75775327e-02 2.73200107e-04 2.10523315e-03 1.90000000e+02 1.00000000e+03 2.00000000e+03
3.12500000e+02 4.82621995e-02 2.74530690e-04 2.12373796e-03 1.87500000e+02 1.00000000e+03 2.00000000e+03
3.15000000e+02 4.89501731e-02 2.75845595e-04 2.14227021e-03 1.85000000e+02 1.00000000e+03 2.00000000e+03
3.17500000e+02 4.96414143e-02 2.77144776e-04 2.16082998e-03 1.82500000e+02 1.00000000e+03 2.00000000e+03
3.20000000e+02 5.03358838e-02 2.78428187e-04 2.17941734e-03 1.80000000e+02 1.00000000e+03 2.00000000e+03
3.22500000e+02 5.10335421e-02 2.79695781e-04 2.19803238e-03 1.77500000e+02 1.00000000e+03 2.00000000e+03
3.25000000e+02 5.17343495e-02 2.80947510e-04 2.21667519e-03 1.75000000e+02 1.00000000e+03 2.00000000e+03
3.27500000e+02 5.24382664e-02 2.82183327e-04 2.23534584e-03 1.72500000e+02 1.00000000e+03 2.00000000e+03
3.30000000e+02 5.31452529e-02 2.83403185e-04 2.25404443e-03 1.70000000e+02 1.00000000e+03 2.00000000e+03
3.32500000e+02 5.38552690e-02 2.84607035e-04 2.27277102e-03 1.67500000e+02 1.00000000e+03 2.00000000e+03
3.35000000e+02 5.45682746e-02 2.85794830e-04 2.29152571e-03 1.65000000e+02 1.00000000e+03 2.00000000e+03
3.37500000e+02 5.52842297e-02 2.86966521e-04 2.31030859e-03 1.62500000e+02 1.00000000e+03 2.00000000e+03
3.40000000e+02 5.60030938e-02 2.88122061e-04 2.32911973e-03 1.60000000e+02 1.00000000e+03 2.00000000e+03
3.42500000e+02 5.67248265e-02 2.89261399e-04 2.34795922e-03 1.57500000e+02 1.00000000e+03 2.00000000e+03
3.45000000e+02 5.74493872e-02 2.90384488e-04 2.36682715e-03 1.55000000e+02 1.00000000e+03 2.00000000e+03
3.47500000e+02 5.81767354e-02 2.91491278e-04 2.38572360e-03 1.52500000e+02 1.00000000e+03 2.00000000e+03
3.50000000e+02 5.89068300e-02 2.92581719e-04 2.40464866e-03 1.50000000e+02 1.00000000e+03 2.00000000e+03
3.52500000e+02 5.96396303e-02 2.93655763e-04 2.42360241e-03 1.47500000e+02 1.00000000e+03 2.00000000e+03
3.55000000e+02 6.03750951e-02 2.94713359e-04 2.44258495e-03 1.45000000e+02 1.00000000e+03 2.00000000e+03
3.57500000e+02 6.11131833e-02 2.95754458e-04 2.46159636e-03 1.42500000e+02 1.00000000e+03 2.00000000e+03
3.60000000e+02 6.18538536e-02 2.96779009e-04 2.48063673e-03 1.40000000e+02 1.00000000e+03 2.00000000e+03
3.62500000e+02 6.25970645e-02 2.97786962e-04 2.49970615e-03 1.37500000e+02 1.00000000e+03 2.00000000e+03
3.65000000e+02 6.33427746e-02 2.98778265e-04 2.51880470e-03 1.35000000e+02 1.00000000e+03 2.00000000e+03
3.67500000e+02 6.40909420e-02 2.99752869e-04 2.53793248e-03 1.32500000e+02 1.00000000e+03 2.00000000e+03
3.70000000e+02 6.48415249e-02 3.00710721e-04 2.55708957e-03 1.30000000e+02 1.00000000e+03 2.00000000e+03
3.72500000e+02 6.55944816e-02 3.01651771e-04 2.57627607e-03 1.27500000e+02 1.00000000e+03 2.00000000e+03
3.75000000e+02 6.63497697e-02 3.02575966e-04 2.59549206e-03 1.25000000e+02 1.00000000e+03 2.00000000e+03
3.77500000e+02 6.71073473e-02 3.03483255e-04 2.61473764e-03 1.22500000e+02 1.00000000e+03 2.00000000e+03
3.80000000e+02 6.78671719e-02 3.04373586e-04 2.63401289e-03 1.20000000e+02 1.00000000e+03 2.00000000e+03
3.82500000e+02 6.86292011e-02 3.05246906e-04 2.65331791e-03 1.17500000e+02 1.00000000e+03 2.00000000e+03
3.85000000e+02 6.93933922e-02 3.06103163e-04 2.67265280e-03 1.15000000e+02 1.00000000e+03 2.00000000e+03
3.87500000e+02 7.01597026e-02 3.06942303e-04 2.69201764e-03 1.12500000e+02 1.00000000e+03 2.00000000e+03
3.90000000e+02 7.09280894e-02 3.07764275e-04 2.71141252e-03 1.10000000e+02 1.00000000e+03 2.00000000e+03
3.92500000e+02 7.16985096e-02 3.08569023e-04 2.73083754e-03 1.07500000e+02 1.00000000e+03 2.00000000e+03
3.95000000e+02 7.24709201e-02 3.09356495e-04 2.75029280e-03 1.05000000e+02 1.00000000e+03 2.00000000e+03
3.97500000e+02 7.32452777e-02 3.10126638e-04 2.76977838e-03 1.02500000e+02 1.00000000e+03 2.00000000e+03
4.00000000e+02 7.40215388e-02 3.10879395e-04 2.78929439e-03 1.00000000e+02 1.00000000e+03 2.00000000e+03
4.02500000e+02 7.47996601e-02 3.11614715e-04 2.80884092e-03 9.75000000e+01 1.00000000e+03 2.00000000e+03
4.05000000e+02 7.55795978e-02 3.12332541e-04 2.82841805e-03 9.50000000e+01 1.00000000e+03 2.00000000e+03
4.07500000e+02 7.63613082e-02 3.13032818e-04 2.84802590e-03 9.25000000e+01 1.00000000e+03 2.00000000e+03
4.10000000e+02 7.71447472e-02 3.13715493e-04 2.86766455e-03 9.00000000e+01 1.00000000e+03 2.00000000e+03
4.12500000e+02 7.79298709e-02 3.14380509e-04 2.88733411e-03 8.75000000e+01 1.00000000e+03 2.00000000e+03
4.15000000e+02 7.87166350e-02 3.15027810e-04 2.90703467e-03 8.50000000e+01 1.00000000e+03 2.00000000e+03
4.17500000e+02 7.95049952e-02 3.15657341e-04 2.92676632e-03 8.25000000e+01 1.00000000e+03 2.00000000e+03
4.20000000e+02 8.02949069e-02 3.16269046e-04 2.94652917e-03 8.00000000e+01 1.00000000e+03 2.00000000e+03
4.22500000e+02 8.10863255e-02 3.16862868e-04 2.96632331e-03 7.75000000e+01 1.00000000e+03 2.00000000e+03
4.25000000e+02 8.18792063e-02 3.17438750e-04 2.98614885e-03 7.50000000e+01 1.00000000e+03 2.00000000e+03
4.27500000e+02 8.26735043e-02 3.17996636e-04 3.00600589e-03 7.25000000e+01 1.00000000e+03 2.00000000e+03
4.30000000e+02 8.34691744e-02 3.18536468e-04 3.02589451e-03 7.00000000e+01 1.00000000e+03 2.00000000e+03
4.32500000e+02 8.42661715e-02 3.19058188e-04 3.04581484e-03 6.75000000e+01 1.00000000e+03 2.00000000e+03
4.35000000e+02 8.50644502e-02 3.19561739e-04 3.06576696e-03 6.50000000e+01 1.00000000e+03 2.00000000e+03
4.37500000e+02 8.58639650e-02 3.20047062e-04 3.08575097e-03 6.25000000e+01 1.00000000e+03 2.00000000e+03
4.40000000e+02 8.66646703e-02 3.20514100e-04 3.10576699e-03 6.00000000e+01 1.00000000e+03 2.00000000e+03
4.42500000e+02 8.74665202e-02 3.20962794e-04 3.12581511e-03 5.75000000e+01 1.00000000e+03 2.00000000e+03
4.45000000e+02 8.82694689e-02 3.21393084e-04 3.14589544e-03 5.50000000e+01 1.00000000e+03 2.00000000e+03
4.47500000e+02 8.90734703e-02 3.21804911e-04 3.16600807e-03 5.25000000e+01 1.00000000e+03 2.00000000e+03
4.50000000e+02 8.98784780e-02 3.22198217e-04 3.18615312e-03 5.00000000e+01 1.00000000e+03 2.00000000e+03
4.52500000e+02 9.06844459e-02 3.22572941e-04 3.20633069e-03 4.75000000e+01 1.00000000e+03 2.00000000e+03
4.55000000e+02 9.14913272e-02 3.22929022e-04 3.22654088e-03 4.50000000e+01 1.00000000e+03 2.00000000e+03
4.57500000e+02 9.22990754e-02 3.23266402e-04 3.24678380e-03 4.25000000e+01 1.00000000e+03 2.00000000e+03
4.60000000e+02 9.31076436e-02 3.23585018e-04 3.26705955e-03 4.00000000e+01 1.00000000e+03 2.00000000e+03
4.62500000e+02 9.39169848e-02 3.23884811e-04 3.28736825e-03 3.75000000e+01 1.00000000e+03 2.00000000e+03
4.65000000e+02 9.47270519e-02 3.24165718e-04 3.30770999e-03 3.50000000e+01 1.00000000e+03 2.00000000e+03
4.67500000e+02 9.55377976e-02 3.24427678e-04 3.32808490e-03 3.25000000e+01 1.00000000e+03 2.00000000e+03
4.70000000e+02 9.63491744e-02 3.24670630e-04 3.34849306e-03 3.00000000e+01 1.00000000e+03 2.00000000e+03
4.72500000e+02 9.71611348e-02 3.24894511e-04 3.36893461e-03 2.75000000e+01 1.00000000e+03 2.00000000e+03
4.75000000e+02 9.79736310e-02 3.25099258e-04 3.38940963e-03 2.50000000e+01 1.00000000e+03 2.00000000e+03
4.77500000e+02 9.87866151e-02 3.25284810e-04 3.40991825e-03 2.25000000e+01 1.00000000e+03 2.00000000e+03
4.80000000e+02 9.96000390e-02 3.25451102e-04 3.43046057e-03 2.00000000e+01 1.00000000e+03 2.00000000e+03
4.82500000e+02 1.00413855e-01 3.25598072e-04 3.45103671e-03 1.75000000e+01 1.00000000e+03 2.00000000e+03
4.85000000e+02 1.01228013e-01 3.25725655e-04 3.47164677e-03 1.50000000e+01 1.00000000e+03 2.00000000e+03
4.87500000e+02 1.02042467e-01 3.25833788e-04 3.49229087e-03 1.25000000e+01 1.00000000e+03 2.00000000e+03
4.90000000e+02 1.02857166e-01 3.25922407e-04 3.51296912e-03 1.00000000e+01 1.00000000e+03 2.00000000e+03
4.92500000e+02 1.03672062e-01 3.25991446e-04 3.53368164e-03 7.50000000e+00 1.00000000e+03 2.00000000e+03
4.95000000e+02 1.04487107e-01 3.26040840e-04 3.55442853e-03 5.00000000e+00 1.00000000e+03 2.00000000e+03
4.97500000e+02 1.05302250e-01 3.26070525e-04 3.57520991e-03 2.50000000e+00 1.00000000e+03 2.00000000e+03
5.00000000e+02 1.06117443e-01 3.26080435e-04 3.59602591e-03 0.00000000e+00 0.00000000e+00 2.00000000e+03
5.02500000e+02 1.06932644e-01 3.26080435e-04 3.61687662e-03 0.00000000e+00 0.00000000e+00 2.00000000e+03
5.05000000e+02 1.07747845e-01 3.26080435e-04 3.63776217e-03 0.00000000e+00 0.00000000e+00 2.00000000e+03
5.07500000e+02 1.08563046e-01 3.26080435e-04 3.65868268e-03 0.00000000e+00 0.00000000e+00 2.00000000e+03
5.10000000e+02 1.09378247e-01 3.26080435e-04 3.67963826e-03 0.00000000e+00 0.00000000e+00 2.00000000e+03
5.12500000e+02 1.10193448e-01 3.26080435e-04 3.70062903e-03 0.00000000e+00 0.00000000e+00 2.00000000e+03
5.15000000e+02 1.11008649e-01 3.26080435e-04 3.72165510e-03 0.00000000e+00 0.00000000e+00 2.00000000e+03
5.17500000e+02 1.11823851e-01 3.26080435e-04 3.74271661e-03 0.00000000e+00 0.00000000e+00 2.00000000e+03
5.20000000e+02 1.12639052e-01 3.26080435e-04 3.76381366e-03 0.00000000e+00 0.00000000e+00 2.00000000e+03
5.22500000e+02 1.13454253e-01 3.26080435e-04 3.78494638e-03 0.00000000e+00 0.00000000e+00 2.00000000e+03
5.25000000e+02 1.14269454e-01 3.26080435e-04 3.80611488e-03 0.00000000e+00 0.00000000e+00 2.00000000e+03
5.27500000e+02 1.15084655e-01 3.26080435e-04 3.82731930e-03 0.00000000e+00 0.00000000e+00 2.00000000e+03
5.30000000e+02 1.15899856e-01 3.26080435e-04 3.84855975e-03 0.00000000e+00 0.00000000e+00 2.00000000e+03
5.32500000e+02 1.16715057e-01 3.26080435e-04 3.86983635e-03 0.00000000e+00 0.00000000e+00 2.00000000e+03
5.35000000e+02 1.17530258e-01 3.26080435e-04 3.89114923e-03 0.00000000e+00 0.00000000e+00 2.00000000e+03
5.37500000e+02 1.18345459e-01 3.26080435e-04 3.91249851e-03 0.00000000e+00 0.00000000e+00 2.00000000e+03
5.40000000e+02 1.19160660e-01 3.26080435e-04 3.93388431e-03 0.00000000e+00 0.00000000e+00 2.00000000e+03
5.42500000e+02 1.19975861e-01 3.26080435e-04 3.95530677e-03 0.00000000e+00 0.00000000e+00 2.00000000e+03
5.45000000e+02 1.20791063e-01 3.26080435e-04 3.97676600e-03 0.00000000e+00 0.00000000e+00 2.00000000e+03
5.47500000e+02 1.21606264e-01 3.26080435e-04 3.99826214e-03 0.00000000e+00 0.00000000e+00 2.00000000e+03
5.50000000e+02 1.22421465e-01 3.26080435e-04 4.01979530e-03 0.00000000e+00 0.00000000e+00 2.00000000e+03
5.52500000e+02 1.23236666e-01 3.26080435e-04 4.04136563e-03 0.00000000e+00 0.00000000e+00 2.00000000e+03
5.55000000e+02 1.24051867e-01 3.26080435e-04 4.06297324e-03 0.00000000e+00 0.00000000e+00 2.00000000e+03
5.57500000e+02 1.24867068e-01 3.26080435e-04 4.08461826e-03 0.00000000e+00 0.00000000e+00 2.00000000e+03
5.60000000e+02 1.25682269e-01 3.26080435e-04 4.10630084e-03 0.00000000e+00 0.00000000e+00 2.00000000e+03
5.62500000e+02 1.26497470e-01 3.26080435e-04 4.12802109e-03 0.00000000e+00 0.00000000e+00 2.00000000e+03
5.65000000e+02 1.27312671e-01 3.26080435e-04 4.14977914e-03 0.00000000e+00 0.00000000e+00 2.00000000e+03
5.67500000e+02 1.28127872e-01 3.26080435e-04 4.17157514e-03 0.00000000e+00 0.00000000e+00 2.00000000e+03
5.70000000e+02 1.28943073e-01 3.26080435e-04 4.19340920e-03 0.00000000e+00 0.00000000e+00 2.00000000e+03
5.72500000e+02 1.29758274e-01 3.26080435e-04 4.21528148e-03 0.00000000e+00 0.00000000e+00 2.00000000e+03
5.75000000e+02 1.30573476e-01 3.26080435e-04 4.23719209e-03 0.00000000e+00 0.00000000e+00 2.00000000e+03
5.77500000e+02 1.31388677e-01 3.26080435e-04 4.25914117e-03 0.00000000e+00 0.00000000e+00 2.00000000e+03
5.80000000e+02 1.32203878e-01 3.26080435e-04 4.28112886e-03 0.00000000e+00 0.00000000e+00 2.00000000e+03
5.82500000e+02 1.33019079e-01 3.26080435e-04 4.30315530e-03 0.00000000e+00 0.00000000e+00 2.00000000e+03
5.85000000e+02 1.33834280e-01 3.26080435e-04 4.32522062e-03 0.00000000e+00 0.00000000e+00 2.00000000e+03
5.87500000e+02 1.34649481e-01 3.26080435e-04 4.34732496e-03 0.00000000e+00 0.00000000e+00 2.00000000e+03
5.90000000e+02 1.35464682e-01 3.26080435e-04 4.36946845e-03 0.00000000e+00 0.00000000e+00 2.00000000e+03
5.92500000e+02 1.36279883e-01 3.26080435e-04 4.39165124e-03 0.00000000e+00 0.00000000e+00 2.00000000e+03
5.95000000e+02 1.37095084e-01 3.26080435e-04 4.41387347e-03 0.00000000e+00 0.00000000e+00 2.00000000e+03
5.97500000e+02 1.37910285e-01 3.26080435e-04 4.43613528e-03 0.00000000e+00 0.00000000e+00 2.00000000e+03
6.00000000e+02 1.38725486e-01 3.26080435e-04 4.45843680e-03 0.00000000e+00 0.00000000e+00 2.00000000e+03
6.02500000e+02 1.39540688e-01 3.26080435e-04 4.48077818e-03 0.00000000e+00 0.00000000e+00 2.00000000e+03
6.05000000e+02 1.40355889e-01 3.26080435e-04 4.50315957e-03 0.00000000e+00 0.00000000e+00 2.00000000e+03
6.07500000e+02 1.41171090e-01 3.26080435e-04 4.52558110e-03 0.00000000e+00 0.00000000e+00 2.00000000e+03
6.10000000e+02 1.41986291e-01 3.26080435e-04 4.54804292e-03 0.00000000e+00 0.00000000e+00 2.00000000e+03
6.12500000e+02 1.42801492e-01 3.26080435e-04 4.57054517e-03 0.00000000e+00 0.00000000e+00 2.00000000e+03
6.15000000e+02 1.43616693e-01 3.26080435e-04 4.59308801e-03 0.00000000e+00 0.00000000e+00 2.00000000e+03
6.17500000e+02 1.44431894e-01 3.26080435e-04 4.61567158e-03 0.00000000e+00 0.00000000e+00 2.00000000e+03
6.20000000e+02 1.45247095e-01 3.26080435e-04 4.63829602e-03 0.00000000e+00 0.00000000e+00 2.00000000e+03
6.22500000e+02 1.46062296e-01 3.26080435e-04 4.66096148e-03 0.00000000e+00 0.00000000e+00 2.00000000e+03
6.25000000e+02 1.46877497e-01 3.26080435e-04 4.68366812e-03 0.00000000e+00 0.00000000e+00 2.00000000e+03
6.27500000e+02 1.47692698e-01 3.26080435e-04 4.70641608e-03 0.00000000e+00 0.00000000e+00 2.00000000e+03
6.30000000e+02 1.48507899e-01 3.26080435e-04 4.72920551e-03 0.00000000e+00 0.00000000e+00 2.00000000e+03
6.32500000e+02 1.49323101e-01 3.26080435e-04 4.75203657e-03 0.00000000e+00 0.00000000e+00 2.00000000e+03
6.35000000e+02 1.50138302e-01 3.26080435e-04 4.77490940e-03 0.00000000e+00 0.00000000e+00 2.00000000e+03
6.37500000e+02 1.50953503e-01 3.26080435e-04 4.79782416e-03 0.00000000e+00 0.00000000e+00 2.00000000e+03
6.40000000e+02 1.51768704e-01 3.26080435e-04 4.82078101e-03 0.00000000e+00 0.00000000e+00 2.00000000e+03
6.42500000e+02 1.52583905e-01 3.26080435e-04 4.84378010e-03 0.00000000e+00 0.00000000e+00 2.00000000e+03
6.45000000e+02 1.53399106e-01 3.26080435e-04 4.86682158e-03 0.00000000e+00 0.00000000e+00 2.00000000e+03
6.47500000e+02 1.54214307e-01 3.26080435e-04 4.88990561e-03 0.00000000e+00 0.00000000e+00 2.00000000e+03
6.50000000e+02 1.55029508e-01 3.26080435e-04 4.91303235e-03 0.00000000e+00 0.00000000e+00 2.00000000e+03
6.52500000e+02 1.55844709e-01 3.26080435e-04 4.93620196e-03 0.00000000e+00 0.00000000e+00 2.00000000e+03
6.55000000e+02 1.56659910e-01 3.26080435e-04 4.95941459e-03 0.00000000e+00 0.00000000e+00 2.00000000e+03
6.57500000e+02 1.57475111e-01 3.26080435e-04 4.98267041e-03 0.00000000e+00 0.00000000e+00 2.00000000e+03
6.60000000e+02 1.58290313e-01 3.26080435e-04 5.00596958e-03 0.00000000e+00 0.00000000e+00 2.00000000e+03
6.62500000e+02 1.59105514e-01 3.26080435e-04 5.02931226e-03 0.00000000e+00 0.00000000e+00 2.00000000e+03
6.65000000e+02 1.59920715e-01 3.26080435e-04 5.05269861e-03 0.00000000e+00 0.00000000e+00 2.00000000e+03
6.67500000e+02 1.60735916e-01 3.26080435e-04 5.07612879e-03 0.00000000e+00 0.00000000e+00 2.00000000e+03
6.70000000e+02 1.61551117e-01 3.26080435e-04 5.09960298e-03 0.00000000e+00 0.00000000e+00 2.00000000e+03
6.72500000e+02 1.62366318e-01 3.26080435e-04 5.12312133e-03 0.00000000e+00 0.00000000e+00 2.00000000e+03
6.75000000e+02 1.63181519e-01 3.26080435e-04 5.14668401e-03 0.00000000e+00 0.00000000e+00 2.00000000e+03
6.77500000e+02 1.63996720e-01 3.26080435e-04 5.17029120e-03 0.00000000e+00 0.00000000e+00 2.00000000e+03
6.80000000e+02 1.64811921e-01 3.26080435e-04 5.19394305e-03 0.00000000e+00 0.00000000e+00 2.00000000e+03
6.82500000e+02 1.65627122e-01 3.26080435e-04 5.21763974e-03 0.00000000e+00 0.00000000e+00 2.00000000e+03
6.85000000e+02 1.66442323e-01 3.26080435e-04 5.24138144e-03 0.00000000e+00 0.00000000e+00 2.00000000e+03
6.87500000e+02 1.67257524e-01 3.26080435e-04 5.26516831e-03 0.00000000e+00 0.00000000e+00 2.00000000e+03
6.90000000e+02 1.68072726e-01 3.26080435e-04 5.28900054e-03 0.00000000e+00 0.00000000e+00 2.00000000e+03
6.92500000e+02 1.68887927e-01 3.26080435e-04 5.31287830e-03 0.00000000e+00 0.00000000e+00 2.00000000e+03
6.95000000e+02 1.69703128e-01 3.26080435e-04 5.33680175e-03 0.00000000e+00 0.00000000e+00 2.00000000e+03
6.97500000e+02 1.70518329e-01 3.26080435e-04 5.36077107e-03 0.00000000e+00 0.00000000e+00 2.00000000e+03
7.00000000e+02 1.71333530e-01 3.26080435e-04 5.38478645e-03 0.00000000e+00 0.00000000e+00 2.00000000e+03
7.02500000e+02 1.72148731e-01 3.26080435e-04 5.40884806e-03 0.00000000e+00 0.00000000e+00 2.00000000e+03
7.05000000e+02 1.72963932e-01 3.26080435e-04 5.43295607e-03 0.00000000e+00 0.00000000e+00 2.00000000e+03
7.07500000e+02 1.73779133e-01 3.26080435e-04 5.45711066e-03 0.00000000e+00 0.00000000e+00 2.00000000e+03
7.10000000e+02 1.74594334e-01 3.26080435e-04 5.48131203e-03 0.00000000e+00 0.00000000e+00 2.00000000e+03
7.12500000e+02 1.75409535e-01 3.26080435e-04 5.50556034e-03 0.00000000e+00 0.00000000e+00 2.00000000e+03
7.15000000e+02 1.76224736e-01 3.26080435e-04 5.52985578e-03 0.00000000e+00 0.00000000e+00 2.00000000e+03
7.17500000e+02 1.77039938e-01 3.26080435e-04 5.55419853e-03 0.00000000e+00 0.00000000e+00 2.00000000e+03
7.20000000e+02 1.77855139e-01 3.26080435e-04 5.57858878e-03 0.00000000e+00 0.00000000e+00 2.00000000e+03
7.22500000e+02 1.78670340e-01 3.26080435e-04 5.60302672e-03 0.00000000e+00 0.00000000e+00 2.00000000e+03
7.25000000e+02 1.79485541e-01 3.26080435e-04 5.62751252e-03 0.00000000e+00 0.00000000e+00 2.00000000e+03
7.27500000e+02 1.80300742e-01 3.26080435e-04 5.65204639e-03 0.00000000e+00 0.00000000e+00 2.00000000e+03
7.30000000e+02 1.81115943e-01 3.26080435e-04 5.67662850e-03 0.00000000e+00 0.00000000e+00 2.00000000e+03
7.32500000e+02 1.81931144e-01 3.26080435e-04 5.70125905e-03 0.00000000e+00 0.00000000e+00 2.00000000e+03
7.35000000e+02 1.82746345e-01 3.26080435e-04 5.72593823e-03 0.00000000e+00 0.00000000e+00 2.00000000e+03
7.37500000e+02 1.83561546e-01 3.26080435e-04 5.75066623e-03 0.00000000e+00 0.00000000e+00 2.00000000e+03
7.40000000e+02 1.84376747e-01 3.26080435e-04 5.77544324e-03 0.00000000e+00 0.00000000e+00 2.00000000e+03
7.42500000e+02 1.85191948e-01 3.26080435e-04 5.80026947e-03 0.00000000e+00 0.00000000e+00 2.00000000e+03
7.45000000e+02 1.86007149e-01 3.26080435e-04 5.82514510e-03 0.00000000e+00 0.00000000e+00 2.00000000e+03
7.47500000e+02 1.86822351e-01 3.26080435e-04 5.85007033e-03 0.00000000e+00 0.00000000e+00 2.00000000e+03
7.50000000e+02 1.87637552e-01 3.26080435e-04 5.87504537e-03 0.00000000e+00 0.00000000e+00 2.00000000e+03
7.52500000e+02 1.88452753e-01 3.26080435e-04 5.90007040e-03 0.00000000e+00 0.00000000e+00 2.00000000e+03
7.55000000e+02 1.89267954e-01 3.26080435e-04 5.92514563e-03 0.00000000e+00 0.00000000e+00 2.00000000e+03
7.57500000e+02 1.90083155e-01 3.26080435e-04 5.95027127e-03 0.00000000e+00 0.00000000e+00 2.00000000e+03
7.60000000e+02 1.90898356e-01 3.26080435e-04 5.97544751e-03 0.00000000e+00 0.00000000e+00 2.00000000e+03
7.62500000e+02 1.91713557e-01 3.26080435e-04 6.00067456e-03 0.00000000e+00 0.00000000e+00 2.00000000e+03
7.65000000e+02 1.92528758e-01 3.26080435e-04 6.02595263e-03 0.00000000e+00 0.00000000e+00 2.00000000e+03
7.67500000e+02 1.93343959e-01 3.26080435e-04 6.05128192e-03 0.00000000e+00 0.00000000e+00 2.00000000e+03
7.70000000e+02 1.94159160e-01 3.26080435e-04 6.07666264e-03 0.00000000e+00 0.00000000e+00 2.00000000e+03
7.72500000e+02 1.94974361e-01 3.26080435e-04 6.10209500e-03 0.00000000e+00 0.00000000e+00 2.00000000e+03
7.75000000e+02 1.95789563e-01 3.26080435e-04 6.12757921e-03 0.00000000e+00 0.00000000e+00 2.00000000e+03
7.77500000e+02 1.96604764e-01 3.26080435e-04 6.15311548e-03 0.00000000e+00 0.00000000e+00 2.00000000e+03
7.80000000e+02 1.97419965e-01 3.26080435e-04 6.17870402e-03 0.00000000e+00 0.00000000e+00 2.00000000e+03
7.82500000e+02 1.98235166e-01 3.26080435e-04 6.20434506e-03 0.00000000e+00 0.00000000e+00 2.00000000e+03
7.85000000e+02 1.99050367e-01 3.26080435e-04 6.23003880e-03 0.00000000e+00 0.00000000e+00 2.00000000e+03
7.87500000e+02 1.99865568e-01 3.26080435e-04 6.25578546e-03 0.00000000e+00 0.00000000e+00 2.00000000e+03
7.90000000e+02 2.00680769e-01 3.26080435e-04 6.28158526e-03 0.00000000e+00 0.00000000e+00 2.00000000e+03
7.92500000e+02 2.01495970e-01 3.26080435e-04 6.30743843e-03 0.00000000e+00 0.00000000e+00 2.00000000e+03
7.95000000e+02 2.02311171e-01 3.26080435e-04 6.33334517e-03 0.00000000e+00 0.00000000e+00 2.00000000e+03
7.97500000e+02 2.03126372e-01 3.26080435e-04 6.35930572e-03 0.00000000e+00 0.00000000e+00 2.00000000e+03
8.00000000e+02 2.03941573e-01 3.26080435e-04 6.38532030e-03 0.00000000e+00 0.00000000e+00 2.00000000e+03
8.02500000e+02 2.04756774e-01 3.26080435e-04 6.41138913e-03 0.00000000e+00 0.00000000e+00 2.00000000e+03
8.05000000e+02 2.05571976e-01 3.26080435e-04 6.43751244e-03 0.00000000e+00 0.00000000e+00 2.00000000e+03
8.07500000e+02 2.06387177e-01 3.26080435e-04 6.46369046e-03 0.00000000e+00 0.00000000e+00 2.00000000e+03
8.10000000e+02 2.07202378e-01 3.26080435e-04 6.48992342e-03 0.00000000e+00 0.00000000e+00 2.00000000e+03
8.12500000e+02 2.08017579e-01 3.26080435e-04 6.51621155e-03 0.00000000e+00 0.00000000e+00 2.00000000e+03
8.15000000e+02 2.08832780e-01 3.26080435e-04 6.54255507e-03 0.00000000e+00 0.00000000e+00 2.00000000e+03
8.17500000e+02 2.09647981e-01 3.26080435e-04 6.56895424e-03 0.00000000e+00 0.00000000e+00 2.00000000e+03
8.20000000e+02 2.10463182e-01 3.26080435e-04 6.59540928e-03 0.00000000e+00 0.00000000e+00 2.00000000e+03
8.22500000e+02 2.11278383e-01 3.26080435e-04 6.62192042e-03 0.00000000e+00 0.00000000e+00 2.00000000e+03
8.25000000e+02 2.12093584e-01 3.26080435e-04 6.64848791e-03 0.00000000e+00 0.00000000e+00 2.00000000e+03
8.27500000e+02 2.12908785e-01 3.26080435e-04 6.67511199e-03 0.00000000e+00 0.00000000e+00 2.00000000e+03
8.30000000e+02 2.13723986e-01 3.26080435e-04 6.70179290e-03 0.00000000e+00 0.00000000e+00 2.00000000e+03
8.32500000e+02 2.14539188e-01 3.26080435e-04 6.72853087e-03 0.00000000e+00 0.00000000e+00 2.00000000e+03
8.35000000e+02 2.15354389e-01 3.26080435e-04 6.75532617e-03 0.00000000e+00 0.00000000e+00 2.00000000e+03
8.37500000e+02 2.16169590e-01 3.26080435e-04 6.78217903e-03 0.00000000e+00 0.00000000e+00 2.00000000e+03
8.40000000e+02 2.16984791e-01 3.26080435e-04 6.80908969e-03 0.00000000e+00 0.00000000e+00 2.00000000e+03
8.42500000e+02 2.17799992e-01 3.26080435e-04 6.83605842e-03 0.00000000e+00 0.00000000e+00 2.00000000e+03
8.45000000e+02 2.18615193e-01 3.26080435e-04 6.86308546e-03 0.00000000e+00 0.00000000e+00 2.00000000e+03
8.47500000e+02 2.19430394e-01 3.26080435e-04 6.89017106e-03 0.00000000e+00 0.00000000e+00 2.00000000e+03
8.50000000e+02 2.20245595e-01 3.26080435e-04 6.91731548e-03 0.00000000e+00 0.00000000e+00 2.00000000e+03
8.52500000e+02 2.21060796e-01 3.26080435e-04 6.94451897e-03 0.00000000e+00 0.00000000e+00 2.00000000e+03
8.55000000e+02 2.21875997e-01 3.26080435e-04 6.97178179e-03 0.00000000e+00 0.00000000e+00 2.00000000e+03
8.57500000e+02 2.22691198e-01 3.26080435e-04 6.99910421e-03 0.00000000e+00 0.00000000e+00 2.00000000e+03
8.60000000e+02 2.23506399e-01 3.26080435e-04 7.02648648e-03 0.00000000e+00 0.00000000e+00 2.00000000e+03
8.62500000e+02 2.24321601e-01 3.26080435e-04 7.05392886e-03 0.00000000e+00 0.00000000e+00 2.00000000e+03
8.65000000e+02 2.25136802e-01 3.26080435e-04 7.08143162e-03 0.00000000e+00 0.00000000e+00 2.00000000e+03
8.67500000e+02 2.25952003e-01 3.26080435e-04 7.10899503e-03 0.00000000e+00 0.00000000e+00 2.00000000e+03
8.70000000e+02 2.26767204e-01 3.26080435e-04 7.13661935e-03 0.00000000e+00 0.00000000e+00 2.00000000e+03
8.72500000e+02 2.27582405e-01 3.26080435e-04 7.16430485e-03 0.00000000e+00 0.00000000e+00 2.00000000e+03
8.75000000e+02 2.28397606e-01 3.26080435e-04 7.19205181e-03 0.00000000e+00 0.00000000e+00 2.00000000e+03
8.77500000e+02 2.29212807e-01 3.26080435e-04 7.21986050e-03 0.00000000e+00 0.00000000e+00 2.00000000e+03
8.80000000e+02 2.30028008e-01 3.26080435e-04 7.24773119e-03 0.00000000e+00 0.00000000e+00 2.00000000e+03
8.82500000e+02 2.30843209e-01 3.26080435e-04 7.27566416e-03 0.00000000e+00 0.00000000e+00 2.00000000e+03
8.85000000e+02 2.31658410e-01 3.26080435e-04 7.30365970e-03 0.00000000e+00 0.00000000e+00 2.00000000e+03
8.87500000e+02 2.32473611e-01 3.26080435e-04 7.33171807e-03 0.00000000e+00 0.00000000e+00 2.00000000e+03
8.90000000e+02 2.33288813e-01 3.26080435e-04 7.35983957e-03 0.00000000e+00 0.00000000e+00 2.00000000e+03
8.92500000e+02 2.34104014e-01 3.26080435e-04 7.38802447e-03 0.00000000e+00 0.00000000e+00 2.00000000e+03
8.95000000e+02 2.34919215e-01 3.26080435e-04 7.41627307e-03 0.00000000e+00 0.00000000e+00 2.00000000e+03
8.97500000e+02 2.35734416e-01 3.26080435e-04 7.44458565e-03 0.00000000e+00 0.00000000e+00 2.00000000e+03
9.00000000e+02 2.36549617e-01 3.26080435e-04 7.47296251e-03 0.00000000e+00 0.00000000e+00 2.00000000e+03
9.02500000e+02 2.37364818e-01 3.26080435e-04 7.50140393e-03 0.00000000e+00 0.00000000e+00 2.00000000e+03
9.05000000e+02 2.38180019e-01 3.26080435e-04 7.52991022e-03 0.00000000e+00 0.00000000e+00 2.00000000e+03
9.07500000e+02 2.38995220e-01 3.26080435e-04 7.55848166e-03 0.00000000e+00 0.00000000e+00 2.00000000e+03
9.10000000e+02 2.39810421e-01 3.26080435e-04 7.58711855e-03 0.00000000e+00 0.00000000e+00 2.00000000e+03
9.12500000e+02 2.40625622e-01 3.26080435e-04 7.61582121e-03 0.00000000e+00 0.00000000e+00 2.00000000e+03
9.15000000e+02 2.41440823e-01 3.26080435e-04 7.64458992e-03 0.00000000e+00 0.00000000e+00 2.00000000e+03
9.17500000e+02 2.42256024e-01 3.26080435e-04 7.67342500e-03 0.00000000e+00 0.00000000e+00 2.00000000e+03
9.20000000e+02 2.43071226e-01 3.26080435e-04 7.70232674e-03 0.00000000e+00 0.00000000e+00 2.00000000e+03
9.22500000e+02 2.43886427e-01 3.26080435e-04 7.73129547e-03 0.00000000e+00 0.00000000e+00 2.00000000e+03
9.25000000e+02 2.44701628e-01 3.26080435e-04 7.76033149e-03 0.00000000e+00 0.00000000e+00 2.00000000e+03
9.27500000e+02 2.45516829e-01 3.26080435e-04 7.78943511e-03 0.00000000e+00 0.00000000e+00 2.00000000e+03
9.30000000e+02 2.46332030e-01 3.26080435e-04 7.81860665e-03 0.00000000e+00 0.00000000e+00 2.00000000e+03
9.32500000e+02 2.47147231e-01 3.26080435e-04 7.84784643e-03 0.00000000e+00 0.00000000e+00 2.00000000e+03
9.35000000e+02 2.47962432e-01 3.26080435e-04 7.87715477e-03 0.00000000e+00 0.00000000e+00 2.00000000e+03
9.37500000e+02 2.48777633e-01 3.26080435e-04 7.90653198e-03 0.00000000e+00 0.00000000e+00 2.00000000e+03
9.40000000e+02 2.49592834e-01 3.26080435e-04 7.93597841e-03 0.00000000e+00 0.00000000e+00 2.00000000e+03
9.42500000e+02 2.50408035e-01 3.26080435e-04 7.96549436e-03 0.00000000e+00 0.00000000e+00 2.00000000e+03
9.45000000e+02 2.51223236e-01 3.26080435e-04 7.99508017e-03 0.00000000e+00 0.00000000e+00 2.00000000e+03
9.47500000e+02 2.52038438e-01 3.26080435e-04 8.02473617e-03 0.00000000e+00 0.00000000e+00 2.00000000e+03
9.50000000e+02 2.52853639e-01 3.26080435e-04 8.05446270e-03 0.00000000e+00 0.00000000e+00 2.00000000e+03
9.52500000e+02 2.53668840e-01 3.26080435e-04 8.08426010e-03 0.00000000e+00 0.00000000e+00 2.00000000e+03
9.55000000e+02 2.54484041e-01 3.26080435e-04 8.11412869e-03 0.00000000e+00 0.00000000e+00 2.00000000e+03
9.57500000e+02 2.55299242e-01 3.26080435e-04 8.14406882e-03 0.00000000e+00 0.00000000e+00 2.00000000e+03
9.60000000e+02 2.56114443e-01 3.26080435e-04 8.17408084e-03 0.00000000e+00 0.00000000e+00 2.00000000e+03
9.62500000e+02 2.56929644e-01 3.26080435e-04 8.20416509e-03 0.00000000e+00 0.00000000e+00 2.00000000e+03
9.65000000e+02 2.57744845e-01 3.26080435e-04 8.23432192e-03 0.00000000e+00 0.00000000e+00 2.00000000e+03
9.67500000e+02 2.58560046e-01 3.26080435e-04 8.26455168e-03 0.00000000e+00 0.00000000e+00 2.00000000e+03
9.70000000e+02 2.59375247e-01 3.26080435e-04 8.29485473e-03 0.00000000e+00 0.00000000e+00 2.00000000e+03
9.72500000e+02 2.60190448e-01 3.26080435e-04 8.32523141e-03 0.00000000e+00 0.00000000e+00 2.00000000e+03
9.75000000e+02 2.61005649e-01 3.26080435e-04 8.35568210e-03 0.00000000e+00 0.00000000e+00 2.00000000e+03
9.77500000e+02 2.61820851e-01 3.26080435e-04 8.38620715e-03 0.00000000e+00 0.00000000e+00 2.00000000e+03
9.80000000e+02 2.62636052e-01 3.26080435e-04 8.41680692e-03 0.00000000e+00 0.00000000e+00 2.00000000e+03
9.82500000e+02 2.63451253e-01 3.26080435e-04 8.44748178e-03 0.00000000e+00 0.00000000e+00 2.00000000e+03
9.85000000e+02 2.64266454e-01 3.26080435e-04 8.47823210e-03 0.00000000e+00 0.00000000e+00 2.00000000e+03
9.87500000e+02 2.65081655e-01 3.26080435e-04 8.50905826e-03 0.00000000e+00 0.00000000e+00 2.00000000e+03
9.90000000e+02 2.65896856e-01 3.26080435e-04 8.53996062e-03 0.00000000e+00 0.00000000e+00 2.00000000e+03
9.92500000e+02 2.66712057e-01 3.26080435e-04 8.57093957e-03 0.00000000e+00 0.00000000e+00 2.00000000e+03
9.95000000e+02 2.67527258e-01 3.26080435e-04 8.60199549e-03 0.00000000e+00 0.00000000e+00 2.00000000e+03
9.97500000e+02 2.68342459e-01 3.26080435e-04 8.63312875e-03 0.00000000e+00 0.00000000e+00 2.00000000e+03
1.00000000e+03 2.69157660e-01 3.26080435e-04 8.66433976e-03 0.00000000e+00 0.00000000e+00 2.00000000e+03
