z v theta phi
0.00000000e+00 0.00000000e+00 0.00000000e+00 0.00000000e+00
6.25000000e+00 2.32224439e-05 7.41878986e-06 4.03225806e-05
1.25000000e+01 9.25799709e-05 1.47632266e-05 8.06451613e-05
1.87500000e+01 2.07607874e-04 2.20333102e-05 1.20967742e-04
2.50000000e+01 3.67841446e-04 2.92290407e-05 1.61290323e-04
3.12500000e+01 5.72815980e-04 3.63504180e-05 2.01612903e-04
3.75000000e+01 8.22066769e-04 4.33974423e-05 2.41935484e-04
4.37500000e+01 1.11512911e-03 5.03701133e-05 2.82258065e-04
5.00000000e+01 1.45153828e-03 5.72684313e-05 3.22580645e-04
5.62500000e+01 1.83082960e-03 6.40923962e-05 3.62903226e-04
6.25000000e+01 2.25253833e-03 7.08420079e-05 4.03225806e-04
6.87500000e+01 2.71619979e-03 7.75172664e-05 4.43548387e-04
7.50000000e+01 3.22134926e-03 8.41181719e-05 4.83870968e-04
8.12500000e+01 3.76752204e-03 9.06447242e-05 5.24193548e-04
8.75000000e+01 4.35425341e-03 9.70969234e-05 5.64516129e-04
9.37500000e+01 4.98107868e-03 1.03474770e-04 6.04838710e-04
1.00000000e+02 5.64753313e-03 1.09778262e-04 6.45161290e-04
1.06250000e+02 6.35315206e-03 1.16007402e-04 6.85483871e-04
1.12500000e+02 7.09747075e-03 1.22162189e-04 7.25806452e-04
1.18750000e+02 7.88002452e-03 1.28242623e-04 7.66129032e-04
1.25000000e+02 8.70034863e-03 1.34248703e-04 8.06451613e-04
1.25000000e+02 8.70034863e-03 1.34248703e-04 8.06451613e-04
1.31250000e+02 9.55797472e-03 1.40177482e-04 8.49555061e-04
1.37500000e+02 1.04523901e-02 1.46021295e-04 8.92658509e-04
1.43750000e+02 1.13830639e-02 1.51780141e-04 9.35761958e-04
1.50000000e+02 1.23494649e-02 1.57454020e-04 9.78865406e-04
1.56250000e+02 1.33510621e-02 1.63042933e-04 1.02196885e-03
1.62500000e+02 1.43873245e-02 1.68546879e-04 1.06507230e-03
1.68750000e+02 1.54577211e-02 1.73965859e-04 1.10817575e-03
1.75000000e+02 1.65617208e-02 1.79299872e-04 1.15127920e-03
1.81250000e+02 1.76987925e-02 1.84548918e-04 1.19438265e-03
1.87500000e+02 1.88684052e-02 1.89712998e-04 1.23748610e-03
1.93750000e+02 2.00700279e-02 1.94792111e-04 1.28058954e-03
2.00000000e+02 2.13031296e-02 1.99786258e-04 1.32369299e-03
2.06250000e+02 2.25671792e-02 2.04695438e-04 1.36679644e-03
2.12500000e+02 2.38616456e-02 2.09519652e-04 1.40989989e-03
2.18750000e+02 2.51859978e-02 2.14258899e-04 1.45300334e-03
2.25000000e+02 2.65397048e-02 2.18913179e-04 1.49610679e-03
2.31250000e+02 2.79222355e-02 2.23482493e-04 1.53921023e-03
2.37500000e+02 2.93330589e-02 2.27966840e-04 1.58231368e-03
2.43750000e+02 3.07716440e-02 2.32366221e-04 1.62541713e-03
2.50000000e+02 3.22374597e-02 2.36680635e-04 1.66852058e-03
2.50000000e+02 3.22374597e-02 2.36680635e-04 1.66852058e-03
2.56250000e+02 3.37299710e-02 2.40906662e-04 1.71481687e-03
2.62500000e+02 3.52485887e-02 2.45034663e-04 1.76111317e-03
2.68750000e+02 3.67927001e-02 2.49064637e-04 1.80740947e-03
2.75000000e+02 3.83616925e-02 2.52996585e-04 1.85370576e-03
2.81250000e+02 3.99549532e-02 2.56830507e-04 1.90000206e-03
2.87500000e+02 4.15718696e-02 2.60566402e-04 1.94629836e-03
2.93750000e+02 4.32118290e-02 2.64204271e-04 1.99259465e-03
3.00000000e+02 4.48742188e-02 2.67744113e-04 2.03889095e-03
3.06250000e+02 4.65584262e-02 2.71185929e-04 2.08518725e-03
3.12500000e+02 4.82638387e-02 2.74529718e-04 2.13148354e-03
3.18750000e+02 4.99898435e-02 2.77775481e-04 2.17777984e-03
3.25000000e+02 5.17358279e-02 2.80923218e-04 2.22407613e-03
3.31250000e+02 5.35011795e-02 2.83972928e-04 2.27037243e-03
3.37500000e+02 5.52852853e-02 2.86924612e-04 2.31666873e-03
3.43750000e+02 5.70875329e-02 2.89778270e-04 2.36296502e-03
3.50000000e+02 5.89073095e-02 2.92533901e-04 2.40926132e-03
3.56250000e+02 6.07440024e-02 2.95191505e-04 2.45555762e-03
3.62500000e+02 6.25969991e-02 2.97751084e-04 2.50185391e-03
3.68750000e+02 6.44656867e-02 3.00212635e-04 2.54815021e-03
3.75000000e+02 6.63494528e-02 3.02576161e-04 2.59444650e-03
3.75000000e+02 6.63494528e-02 3.02576161e-04 2.59444650e-03
3.81250000e+02 6.82476806e-02 3.04837685e-04 2.64444650e-03
3.87500000e+02 7.01596856e-02 3.06984861e-04 2.69444650e-03
3.93750000e+02 7.20847532e-02 3.09017692e-04 2.74444650e-03
4.00000000e+02 7.40221685e-02 3.10936175e-04 2.79444650e-03
4.06250000e+02 7.59712171e-02 3.12740312e-04 2.84444650e-03
4.12500000e+02 7.79311842e-02 3.14430102e-04 2.89444650e-03
4.18750000e+02 7.99013552e-02 3.16005545e-04 2.94444650e-03
4.25000000e+02 8.18810153e-02 3.17466642e-04 2.99444650e-03
4.31250000e+02 8.38694500e-02 3.18813392e-04 3.04444650e-03
4.37500000e+02 8.58659445e-02 3.20045796e-04 3.09444650e-03
4.43750000e+02 8.78697842e-02 3.21163852e-04 3.14444650e-03
4.50000000e+02 8.98802544e-02 3.22167562e-04 3.19444650e-03
4.56250000e+02 9.18966405e-02 3.23056925e-04 3.24444650e-03
4.62500000e+02 9.39182278e-02 3.23831942e-04 3.29444650e-03
4.68750000e+02 9.59443016e-02 3.24492612e-04 3.34444650e-03
4.75000000e+02 9.79741472e-02 3.25038935e-04 3.39444650e-03
4.81250000e+02 1.00007050e-01 3.25470911e-04 3.44444650e-03
4.87500000e+02 1.02042295e-01 3.25788541e-04 3.49444650e-03
4.93750000e+02 1.04079169e-01 3.25991824e-04 3.54444650e-03
5.00000000e+02 1.06116955e-01 3.26080760e-04 3.59444650e-03
5.00000000e+02 1.06116955e-01 3.26080760e-04 3.59444650e-03
5.06250000e+02 1.08154960e-01 3.26080760e-04 3.64879433e-03
5.12500000e+02 1.10192964e-01 3.26080760e-04 3.70314216e-03
5.18750000e+02 1.12230969e-01 3.26080760e-04 3.75748998e-03
5.25000000e+02 1.14268974e-01 3.26080760e-04 3.81183781e-03
5.31250000e+02 1.16306979e-01 3.26080760e-04 3.86618563e-03
5.37500000e+02 1.18344983e-01 3.26080760e-04 3.92053346e-03
5.43750000e+02 1.20382988e-01 3.26080760e-04 3.97488129e-03
5.50000000e+02 1.22420993e-01 3.26080760e-04 4.02922911e-03
5.56250000e+02 1.24458998e-01 3.26080760e-04 4.08357694e-03
5.62500000e+02 1.26497002e-01 3.26080760e-04 4.13792477e-03
5.68750000e+02 1.28535007e-01 3.26080760e-04 4.19227259e-03
5.75000000e+02 1.30573012e-01 3.26080760e-04 4.24662042e-03
5.81250000e+02 1.32611017e-01 3.26080760e-04 4.30096824e-03
5.87500000e+02 1.34649021e-01 3.26080760e-04 4.35531607e-03
5.93750000e+02 1.36687026e-01 3.26080760e-04 4.40966390e-03
6.00000000e+02 1.38725031e-01 3.26080760e-04 4.46401172e-03
6.06250000e+02 1.40763036e-01 3.26080760e-04 4.51835955e-03
6.12500000e+02 1.42801040e-01 3.26080760e-04 4.57270737e-03
6.18750000e+02 1.44839045e-01 3.26080760e-04 4.62705520e-03
6.25000000e+02 1.46877050e-01 3.26080760e-04 4.68140303e-03
6.25000000e+02 1.46877050e-01 3.26080760e-04 4.68140303e-03
6.31250000e+02 1.48915055e-01 3.26080760e-04 4.74092684e-03
6.37500000e+02 1.50953059e-01 3.26080760e-04 4.80045065e-03
6.43750000e+02 1.52991064e-01 3.26080760e-04 4.85997445e-03
6.50000000e+02 1.55029069e-01 3.26080760e-04 4.91949826e-03
6.56250000e+02 1.57067074e-01 3.26080760e-04 4.97902207e-03
6.62500000e+02 1.59105078e-01 3.26080760e-04 5.03854588e-03
6.68750000e+02 1.61143083e-01 3.26080760e-04 5.09806969e-03
6.75000000e+02 1.63181088e-01 3.26080760e-04 5.15759350e-03
6.81250000e+02 1.65219093e-01 3.26080760e-04 5.21711731e-03
6.87500000e+02 1.67257097e-01 3.26080760e-04 5.27664112e-03
6.93750000e+02 1.69295102e-01 3.26080760e-04 5.33616493e-03
7.00000000e+02 1.71333107e-01 3.26080760e-04 5.39568874e-03
7.06250000e+02 1.73371112e-01 3.26080760e-04 5.45521255e-03
7.12500000e+02 1.75409116e-01 3.26080760e-04 5.51473636e-03
7.18750000e+02 1.77447121e-01 3.26080760e-04 5.57426017e-03
7.25000000e+02 1.79485126e-01 3.26080760e-04 5.63378398e-03
7.31250000e+02 1.81523131e-01 3.26080760e-04 5.69330779e-03
7.37500000e+02 1.83561135e-01 3.26080760e-04 5.75283160e-03
7.43750000e+02 1.85599140e-01 3.26080760e-04 5.81235541e-03
7.50000000e+02 1.87637145e-01 3.26080760e-04 5.87187922e-03
7.50000000e+02 1.87637145e-01 3.26080760e-04 5.87187922e-03
7.56250000e+02 1.89675150e-01 3.26080760e-04 5.93766869e-03
7.62500000e+02 1.91713154e-01 3.26080760e-04 6.00345816e-03
7.68750000e+02 1.93751159e-01 3.26080760e-04 6.06924764e-03
7.75000000e+02 1.95789164e-01 3.26080760e-04 6.13503711e-03
7.81250000e+02 1.97827169e-01 3.26080760e-04 6.20082658e-03
7.87500000e+02 1.99865173e-01 3.26080760e-04 6.26661606e-03
7.93750000e+02 2.01903178e-01 3.26080760e-04 6.33240553e-03
8.00000000e+02 2.03941183e-01 3.26080760e-04 6.39819501e-03
8.06250000e+02 2.05979188e-01 3.26080760e-04 6.46398448e-03
8.12500000e+02 2.08017193e-01 3.26080760e-04 6.52977395e-03
8.18750000e+02 2.10055197e-01 3.26080760e-04 6.59556343e-03
8.25000000e+02 2.12093202e-01 3.26080760e-04 6.66135290e-03
8.31250000e+02 2.14131207e-01 3.26080760e-04 6.72714237e-03
8.37500000e+02 2.16169212e-01 3.26080760e-04 6.79293185e-03
8.43750000e+02 2.18207216e-01 3.26080760e-04 6.85872132e-03
8.50000000e+02 2.20245221e-01 3.26080760e-04 6.92451080e-03
8.56250000e+02 2.22283226e-01 3.26080760e-04 6.99030027e-03
8.62500000e+02 2.24321231e-01 3.26080760e-04 7.05608974e-03
8.68750000e+02 2.26359235e-01 3.26080760e-04 7.12187922e-03
8.75000000e+02 2.28397240e-01 3.26080760e-04 7.18766869e-03
8.75000000e+02 2.28397240e-01 3.26080760e-04 7.18766869e-03
8.81250000e+02 2.30435245e-01 3.26080760e-04 7.26119810e-03
8.87500000e+02 2.32473250e-01 3.26080760e-04 7.33472751e-03
8.93750000e+02 2.34511254e-01 3.26080760e-04 7.40825693e-03
9.00000000e+02 2.36549259e-01 3.26080760e-04 7.48178634e-03
9.06250000e+02 2.38587264e-01 3.26080760e-04 7.55531575e-03
9.12500000e+02 2.40625269e-01 3.26080760e-04 7.62884516e-03
9.18750000e+02 2.42663273e-01 3.26080760e-04 7.70237457e-03
9.25000000e+02 2.44701278e-01 3.26080760e-04 7.77590398e-03
9.31250000e+02 2.46739283e-01 3.26080760e-04 7.84943340e-03
9.37500000e+02 2.48777288e-01 3.26080760e-04 7.92296281e-03
9.43750000e+02 2.50815292e-01 3.26080760e-04 7.99649222e-03
9.50000000e+02 2.52853297e-01 3.26080760e-04 8.07002163e-03
9.56250000e+02 2.54891302e-01 3.26080760e-04 8.14355104e-03
9.62500000e+02 2.56929307e-01 3.26080760e-04 8.21708045e-03
9.68750000e+02 2.58967311e-01 3.26080760e-04 8.29060987e-03
9.75000000e+02 2.61005316e-01 3.26080760e-04 8.36413928e-03
9.81250000e+02 2.63043321e-01 3.26080760e-04 8.43766869e-03
9.87500000e+02 2.65081326e-01 3.26080760e-04 8.51119810e-03
9.93750000e+02 2.67119330e-01 3.26080760e-04 8.58472751e-03
1.00000000e+03 2.69157335e-01 3.26080760e-04 8.65825693e-03
