z v theta phi
0.00000000e+00 0.00000000e+00 0.00000000e+00 0.00000000e+00
2.50000000e+01 3.81196999e-04 3.02511416e-05 1.78571429e-04
5.00000000e+01 1.50032616e-03 5.90345727e-05 3.57142857e-04
7.50000000e+01 3.32069472e-03 8.63502935e-05 5.35714286e-04
1.00000000e+02 5.80560992e-03 1.12198304e-04 7.14285714e-04
1.25000000e+02 8.91837900e-03 1.36578604e-04 8.92857143e-04
1.50000000e+02 1.26223092e-02 1.59491194e-04 1.07142857e-03
1.75000000e+02 1.68807078e-02 1.80936073e-04 1.25000000e-03
2.00000000e+02 2.16568819e-02 2.00913242e-04 1.42857143e-03
2.25000000e+02 2.69141389e-02 2.19422701e-04 1.60714286e-03
2.50000000e+02 3.26157860e-02 2.36464449e-04 1.78571429e-03
2.75000000e+02 3.87251305e-02 2.52038487e-04 1.96428571e-03
3.00000000e+02 4.52054795e-02 2.66144814e-04 2.14285714e-03
3.25000000e+02 5.20201402e-02 2.78783431e-04 2.32142857e-03
3.50000000e+02 5.91324201e-02 2.89954338e-04 2.50000000e-03
3.75000000e+02 6.65056262e-02 2.99657534e-04 2.67857143e-03
4.00000000e+02 7.41030659e-02 3.07893020e-04 2.85714286e-03
4.25000000e+02 8.18880463e-02 3.14660796e-04 3.03571429e-03
4.50000000e+02 8.98238748e-02 3.19960861e-04 3.21428571e-03
4.75000000e+02 9.78738584e-02 3.23793216e-04 3.39285714e-03
5.00000000e+02 1.06001305e-01 3.26157860e-04 3.57142857e-03
5.00000000e+02 1.06001305e-01 3.26157860e-04 3.57142857e-03
5.25000000e+02 1.14155251e-01 3.26157860e-04 3.82142857e-03
5.50000000e+02 1.22309198e-01 3.26157860e-04 4.07142857e-03
5.75000000e+02 1.30463144e-01 3.26157860e-04 4.32142857e-03
6.00000000e+02 1.38617091e-01 3.26157860e-04 4.57142857e-03
6.25000000e+02 1.46771037e-01 3.26157860e-04 4.82142857e-03
6.50000000e+02 1.54924984e-01 3.26157860e-04 5.07142857e-03
6.75000000e+02 1.63078930e-01 3.26157860e-04 5.32142857e-03
7.00000000e+02 1.71232877e-01 3.26157860e-04 5.57142857e-03
7.25000000e+02 1.79386823e-01 3.26157860e-04 5.82142857e-03
7.50000000e+02 1.87540770e-01 3.26157860e-04 6.07142857e-03
7.75000000e+02 1.95694716e-01 3.26157860e-04 6.32142857e-03
8.00000000e+02 2.03848663e-01 3.26157860e-04 6.57142857e-03
8.25000000e+02 2.12002609e-01 3.26157860e-04 6.82142857e-03
8.50000000e+02 2.20156556e-01 3.26157860e-04 7.07142857e-03
8.75000000e+02 2.28310502e-01 3.26157860e-04 7.32142857e-03
9.00000000e+02 2.36464449e-01 3.26157860e-04 7.57142857e-03
9.25000000e+02 2.44618395e-01 3.26157860e-04 7.82142857e-03
9.50000000e+02 2.52772342e-01 3.26157860e-04 8.07142857e-03
9.75000000e+02 2.60926288e-01 3.26157860e-04 8.32142857e-03
1.00000000e+03 2.69080235e-01 3.26157860e-04 8.57142857e-03
