z v theta phi
0.00000000e+00 0.00000000e+00 0.00000000e+00 0.00000000e+00
3.12500000e+00 5.80642738e-06 3.71311384e-06 1.98412698e-05
6.25000000e+00 2.31882134e-05 7.40822954e-06 3.96825397e-05
9.37500000e+00 5.20891140e-05 1.10853471e-05 5.95238095e-05
1.25000000e+01 9.24528849e-05 1.47444666e-05 7.93650794e-05
1.56250000e+01 1.44223282e-04 1.83855879e-05 9.92063492e-05
1.87500000e+01 2.07344061e-04 2.20087111e-05 1.19047619e-04
2.18750000e+01 2.81758978e-04 2.56138362e-05 1.38888889e-04
2.50000000e+01 3.67411789e-04 2.92009631e-05 1.58730159e-04
2.81250000e+01 4.64246250e-04 3.27700919e-05 1.78571429e-04
3.12500000e+01 5.72206116e-04 3.63212226e-05 1.98412698e-04
3.43750000e+01 6.91235143e-04 3.98543551e-05 2.18253968e-04
3.75000000e+01 8.21277087e-04 4.33694896e-05 2.38095238e-04
4.06250000e+01 9.62275705e-04 4.68666259e-05 2.57936508e-04
4.37500000e+01 1.11417475e-03 5.03457640e-05 2.77777778e-04
4.68750000e+01 1.27691798e-03 5.38069041e-05 2.97619048e-04
5.00000000e+01 1.45044915e-03 5.72500460e-05 3.17460317e-04
5.31250000e+01 1.63471202e-03 6.06751898e-05 3.37301587e-04
5.62500000e+01 1.82965034e-03 6.40823354e-05 3.57142857e-04
5.93750000e+01 2.03520787e-03 6.74714830e-05 3.76984127e-04
6.25000000e+01 2.25132836e-03 7.08426324e-05 3.96825397e-04
6.25000000e+01 2.25132836e-03 7.08426324e-05 3.96825397e-04
6.56250000e+01 2.47795515e-03 7.41953128e-05 4.17317200e-04
6.87500000e+01 2.71502907e-03 7.75287955e-05 4.37809003e-04
7.18750000e+01 2.96249012e-03 8.08430803e-05 4.58300807e-04
7.50000000e+01 3.22027832e-03 8.41381674e-05 4.78792610e-04
7.81250000e+01 3.48833367e-03 8.74140567e-05 4.99284413e-04
8.12500000e+01 3.76659618e-03 9.06707482e-05 5.19776216e-04
8.43750000e+01 4.05500585e-03 9.39082419e-05 5.40268020e-04
8.75000000e+01 4.35350269e-03 9.71265378e-05 5.60759823e-04
9.06250000e+01 4.66202671e-03 1.00325636e-04 5.81251626e-04
9.37500000e+01 4.98051792e-03 1.03505536e-04 6.01743430e-04
9.68750000e+01 5.30891632e-03 1.06666239e-04 6.22235233e-04
1.00000000e+02 5.64716192e-03 1.09807744e-04 6.42727036e-04
1.03125000e+02 5.99519472e-03 1.12930051e-04 6.63218839e-04
1.06250000e+02 6.35295473e-03 1.16033160e-04 6.83710643e-04
1.09375000e+02 6.72038197e-03 1.19117071e-04 7.04202446e-04
1.12500000e+02 7.09741643e-03 1.22181785e-04 7.24694249e-04
1.15625000e+02 7.48399813e-03 1.25227301e-04 7.45186053e-04
1.18750000e+02 7.88006706e-03 1.28253619e-04 7.65677856e-04
1.21875000e+02 8.28556324e-03 1.31260739e-04 7.86169659e-04
1.25000000e+02 8.70042668e-03 1.34248661e-04 8.06661462e-04
1.25000000e+02 8.70042668e-03 1.34248661e-04 8.06661462e-04
1.28125000e+02 9.12459692e-03 1.37216871e-04 8.27847903e-04
1.31250000e+02 9.55801075e-03 1.40164560e-04 8.49034344e-04
1.34375000e+02 1.00006040e-02 1.43091726e-04 8.70220784e-04
1.37500000e+02 1.04523127e-02 1.45998372e-04 8.91407225e-04
1.40625000e+02 1.09130725e-02 1.48884496e-04 9.12593666e-04
1.43750000e+02 1.13828194e-02 1.51750098e-04 9.33780106e-04
1.46875000e+02 1.18614892e-02 1.54595179e-04 9.54966547e-04
1.50000000e+02 1.23490179e-02 1.57419738e-04 9.76152988e-04
1.53125000e+02 1.28453412e-02 1.60223776e-04 9.97339429e-04
1.56250000e+02 1.33503951e-02 1.63007292e-04 1.01852587e-03
1.59375000e+02 1.38641154e-02 1.65770286e-04 1.03971231e-03
1.62500000e+02 1.43864380e-02 1.68512760e-04 1.06089875e-03
1.65625000e+02 1.49172988e-02 1.71234711e-04 1.08208519e-03
1.68750000e+02 1.54566336e-02 1.73936141e-04 1.10327163e-03
1.71875000e+02 1.60043783e-02 1.76617050e-04 1.12445807e-03
1.75000000e+02 1.65604688e-02 1.79277437e-04 1.14564451e-03
1.78125000e+02 1.71248409e-02 1.81917303e-04 1.16683095e-03
1.81250000e+02 1.76974305e-02 1.84536647e-04 1.18801739e-03
1.84375000e+02 1.82781736e-02 1.87135469e-04 1.20920384e-03
1.87500000e+02 1.88670058e-02 1.89713770e-04 1.23039028e-03
1.87500000e+02 1.88670058e-02 1.89713770e-04 1.23039028e-03
1.90625000e+02 1.94638627e-02 1.92270985e-04 1.25232010e-03
1.93750000e+02 2.00686766e-02 1.94806213e-04 1.27424993e-03
1.96875000e+02 2.06813787e-02 1.97319455e-04 1.29617975e-03
2.00000000e+02 2.13019003e-02 1.99810709e-04 1.31810957e-03
2.03125000e+02 2.19301727e-02 2.02279976e-04 1.34003940e-03
2.06250000e+02 2.25661272e-02 2.04727256e-04 1.36196922e-03
2.09375000e+02 2.32096951e-02 2.07152548e-04 1.38389905e-03
2.12500000e+02 2.38608077e-02 2.09555854e-04 1.40582887e-03
2.15625000e+02 2.45193963e-02 2.11937173e-04 1.42775870e-03
2.18750000e+02 2.51853922e-02 2.14296505e-04 1.44968852e-03
2.21875000e+02 2.58587266e-02 2.16633850e-04 1.47161835e-03
2.25000000e+02 2.65393308e-02 2.18949207e-04 1.49354817e-03
2.28125000e+02 2.72271362e-02 2.21242578e-04 1.51547800e-03
2.31250000e+02 2.79220740e-02 2.23513962e-04 1.53740782e-03
2.34375000e+02 2.86240756e-02 2.25763358e-04 1.55933764e-03
2.37500000e+02 2.93330721e-02 2.27990768e-04 1.58126747e-03
2.40625000e+02 3.00489950e-02 2.30196190e-04 1.60319729e-03
2.43750000e+02 3.07717754e-02 2.32379626e-04 1.62512712e-03
2.46875000e+02 3.15013447e-02 2.34541074e-04 1.64705694e-03
2.50000000e+02 3.22376342e-02 2.36680536e-04 1.66898677e-03
2.50000000e+02 3.22376342e-02 2.36680536e-04 1.66898677e-03
2.53125000e+02 3.29805746e-02 2.38797390e-04 1.69171404e-03
2.56250000e+02 3.37300933e-02 2.40890628e-04 1.71444131e-03
2.59375000e+02 3.44861165e-02 2.42960252e-04 1.73716859e-03
2.62500000e+02 3.52485703e-02 2.45006259e-04 1.75989586e-03
2.65625000e+02 3.60173810e-02 2.47028652e-04 1.78262313e-03
2.68750000e+02 3.67924748e-02 2.49027429e-04 1.80535040e-03
2.71875000e+02 3.75737778e-02 2.51002591e-04 1.82807768e-03
2.75000000e+02 3.83612164e-02 2.52954138e-04 1.85080495e-03
2.78125000e+02 3.91547166e-02 2.54882069e-04 1.87353222e-03
2.81250000e+02 3.99542047e-02 2.56786385e-04 1.89625949e-03
2.84375000e+02 4.07596069e-02 2.58667085e-04 1.91898677e-03
2.87500000e+02 4.15708494e-02 2.60524170e-04 1.94171404e-03
2.90625000e+02 4.23878584e-02 2.62357640e-04 1.96444131e-03
2.93750000e+02 4.32105600e-02 2.64167495e-04 1.98716859e-03
2.96875000e+02 4.40388806e-02 2.65953734e-04 2.00989586e-03
3.00000000e+02 4.48727463e-02 2.67716357e-04 2.03262313e-03
3.03125000e+02 4.57120832e-02 2.69455366e-04 2.05535040e-03
3.06250000e+02 4.65568177e-02 2.71170759e-04 2.07807768e-03
3.09375000e+02 4.74068759e-02 2.72862536e-04 2.10080495e-03
3.12500000e+02 4.82621839e-02 2.74530699e-04 2.12353222e-03
3.12500000e+02 4.82621839e-02 2.74530699e-04 2.12353222e-03
3.15625000e+02 4.91226675e-02 2.76174562e-04 2.14711713e-03
3.18750000e+02 4.99882485e-02 2.77792993e-04 2.17070203e-03
3.21875000e+02 5.08588473e-02 2.79385994e-04 2.19428694e-03
3.25000000e+02 5.17343844e-02 2.80953562e-04 2.21787184e-03
3.28125000e+02 5.26147805e-02 2.82495699e-04 2.24145675e-03
3.31250000e+02 5.34999561e-02 2.84012405e-04 2.26504166e-03
3.34375000e+02 5.43898316e-02 2.85503679e-04 2.28862656e-03
3.37500000e+02 5.52843276e-02 2.86969522e-04 2.31221147e-03
3.40625000e+02 5.61833646e-02 2.88409933e-04 2.33579637e-03
3.43750000e+02 5.70868632e-02 2.89824913e-04 2.35938128e-03
3.46875000e+02 5.79947438e-02 2.91214461e-04 2.38296618e-03
3.50000000e+02 5.89069271e-02 2.92578578e-04 2.40655109e-03
3.53125000e+02 5.98233334e-02 2.93917263e-04 2.43013600e-03
3.56250000e+02 6.07438835e-02 2.95230517e-04 2.45372090e-03
3.59375000e+02 6.16684977e-02 2.96518339e-04 2.47730581e-03
3.62500000e+02 6.25970966e-02 2.97780730e-04 2.50089071e-03
3.65625000e+02 6.35296007e-02 2.99017689e-04 2.52447562e-03
3.68750000e+02 6.44659307e-02 3.00229217e-04 2.54806052e-03
3.71875000e+02 6.54060069e-02 3.01415313e-04 2.57164543e-03
3.75000000e+02 6.63497499e-02 3.02575978e-04 2.59523033e-03
3.75000000e+02 6.63497499e-02 3.02575978e-04 2.59523033e-03
3.78125000e+02 6.72970796e-02 3.03710455e-04 2.61974014e-03
3.81250000e+02 6.82479116e-02 3.04817467e-04 2.64424994e-03
3.84375000e+02 6.92021601e-02 3.05897013e-04 2.66875975e-03
3.87500000e+02 7.01597393e-02 3.06949094e-04 2.69326955e-03
3.90625000e+02 7.11205634e-02 3.07973709e-04 2.71777935e-03
3.93750000e+02 7.20845464e-02 3.08970859e-04 2.74228916e-03
3.96875000e+02 7.30516026e-02 3.09940543e-04 2.76679896e-03
4.00000000e+02 7.40216462e-02 3.10882761e-04 2.79130877e-03
4.03125000e+02 7.49945913e-02 3.11797515e-04 2.81581857e-03
4.06250000e+02 7.59703520e-02 3.12684802e-04 2.84032837e-03
4.09375000e+02 7.69488427e-02 3.13544625e-04 2.86483818e-03
4.12500000e+02 7.79299773e-02 3.14376982e-04 2.88934798e-03
4.15625000e+02 7.89136702e-02 3.15181873e-04 2.91385779e-03
4.18750000e+02 7.98998354e-02 3.15959299e-04 2.93836759e-03
4.21875000e+02 8.08883872e-02 3.16709259e-04 2.96287739e-03
4.25000000e+02 8.18792397e-02 3.17431754e-04 2.98738720e-03
4.28125000e+02 8.28723070e-02 3.18126783e-04 3.01189700e-03
4.31250000e+02 8.38675035e-02 3.18794347e-04 3.03640681e-03
4.34375000e+02 8.48647431e-02 3.19434445e-04 3.06091661e-03
4.37500000e+02 8.58639401e-02 3.20047078e-04 3.08542641e-03
4.37500000e+02 8.58639401e-02 3.20047078e-04 3.08542641e-03
4.40625000e+02 8.68650080e-02 3.20631407e-04 3.11093662e-03
4.43750000e+02 8.78678554e-02 3.21185982e-04 3.13644682e-03
4.46875000e+02 8.88723894e-02 3.21710803e-04 3.16195703e-03
4.50000000e+02 8.98785170e-02 3.22205870e-04 3.18746723e-03
4.53125000e+02 9.08861451e-02 3.22671184e-04 3.21297743e-03
4.56250000e+02 9.18951809e-02 3.23106744e-04 3.23848764e-03
4.59375000e+02 9.29055313e-02 3.23512551e-04 3.26399784e-03
4.62500000e+02 9.39171033e-02 3.23888604e-04 3.28950805e-03
4.65625000e+02 9.49298040e-02 3.24234903e-04 3.31501825e-03
4.68750000e+02 9.59435405e-02 3.24551449e-04 3.34052845e-03
4.71875000e+02 9.69582196e-02 3.24838241e-04 3.36603866e-03
4.75000000e+02 9.79737485e-02 3.25095279e-04 3.39154886e-03
4.78125000e+02 9.89900341e-02 3.25322564e-04 3.41705907e-03
4.81250000e+02 1.00006984e-01 3.25520095e-04 3.44256927e-03
4.84375000e+02 1.01024504e-01 3.25687873e-04 3.46807947e-03
4.87500000e+02 1.02042502e-01 3.25825896e-04 3.49358968e-03
4.90625000e+02 1.03060885e-01 3.25934167e-04 3.51909988e-03
4.93750000e+02 1.04079559e-01 3.26012683e-04 3.54461009e-03
4.96875000e+02 1.05098433e-01 3.26061446e-04 3.57012029e-03
5.00000000e+02 1.06117412e-01 3.26080455e-04 3.59563050e-03
5.00000000e+02 1.06117412e-01 3.26080455e-04 3.59563050e-03
5.03125000e+02 1.07136414e-01 3.26080455e-04 3.62222624e-03
5.06250000e+02 1.08155415e-01 3.26080455e-04 3.64882198e-03
5.09375000e+02 1.09174417e-01 3.26080455e-04 3.67541773e-03
5.12500000e+02 1.10193418e-01 3.26080455e-04 3.70201347e-03
5.15625000e+02 1.11212419e-01 3.26080455e-04 3.72860922e-03
5.18750000e+02 1.12231421e-01 3.26080455e-04 3.75520496e-03
5.21875000e+02 1.13250422e-01 3.26080455e-04 3.78180071e-03
5.25000000e+02 1.14269424e-01 3.26080455e-04 3.80839645e-03
5.28125000e+02 1.15288425e-01 3.26080455e-04 3.83499220e-03
5.31250000e+02 1.16307427e-01 3.26080455e-04 3.86158794e-03
5.34375000e+02 1.17326428e-01 3.26080455e-04 3.88818369e-03
5.37500000e+02 1.18345429e-01 3.26080455e-04 3.91477943e-03
5.40625000e+02 1.19364431e-01 3.26080455e-04 3.94137518e-03
5.43750000e+02 1.20383432e-01 3.26080455e-04 3.96797092e-03
5.46875000e+02 1.21402434e-01 3.26080455e-04 3.99456667e-03
5.50000000e+02 1.22421435e-01 3.26080455e-04 4.02116241e-03
5.53125000e+02 1.23440437e-01 3.26080455e-04 4.04775815e-03
5.56250000e+02 1.24459438e-01 3.26080455e-04 4.07435390e-03
5.59375000e+02 1.25478439e-01 3.26080455e-04 4.10094964e-03
5.62500000e+02 1.26497441e-01 3.26080455e-04 4.12754539e-03
5.62500000e+02 1.26497441e-01 3.26080455e-04 4.12754539e-03
5.65625000e+02 1.27516442e-01 3.26080455e-04 4.15532317e-03
5.68750000e+02 1.28535444e-01 3.26080455e-04 4.18310094e-03
5.71875000e+02 1.29554445e-01 3.26080455e-04 4.21087872e-03
5.75000000e+02 1.30573446e-01 3.26080455e-04 4.23865650e-03
5.78125000e+02 1.31592448e-01 3.26080455e-04 4.26643428e-03
5.81250000e+02 1.32611449e-01 3.26080455e-04 4.29421206e-03
5.84375000e+02 1.33630451e-01 3.26080455e-04 4.32198983e-03
5.87500000e+02 1.34649452e-01 3.26080455e-04 4.34976761e-03
5.90625000e+02 1.35668454e-01 3.26080455e-04 4.37754539e-03
5.93750000e+02 1.36687455e-01 3.26080455e-04 4.40532317e-03
5.96875000e+02 1.37706456e-01 3.26080455e-04 4.43310094e-03
6.00000000e+02 1.38725458e-01 3.26080455e-04 4.46087872e-03
6.03125000e+02 1.39744459e-01 3.26080455e-04 4.48865650e-03
6.06250000e+02 1.40763461e-01 3.26080455e-04 4.51643428e-03
6.09375000e+02 1.41782462e-01 3.26080455e-04 4.54421206e-03
6.12500000e+02 1.42801464e-01 3.26080455e-04 4.57198983e-03
6.15625000e+02 1.43820465e-01 3.26080455e-04 4.59976761e-03
6.18750000e+02 1.44839466e-01 3.26080455e-04 4.62754539e-03
6.21875000e+02 1.45858468e-01 3.26080455e-04 4.65532317e-03
6.25000000e+02 1.46877469e-01 3.26080455e-04 4.68310094e-03
6.25000000e+02 1.46877469e-01 3.26080455e-04 4.68310094e-03
6.28125000e+02 1.47896471e-01 3.26080455e-04 4.71217071e-03
6.31250000e+02 1.48915472e-01 3.26080455e-04 4.74124048e-03
6.34375000e+02 1.49934473e-01 3.26080455e-04 4.77031025e-03
6.37500000e+02 1.50953475e-01 3.26080455e-04 4.79938001e-03
6.40625000e+02 1.51972476e-01 3.26080455e-04 4.82844978e-03
6.43750000e+02 1.52991478e-01 3.26080455e-04 4.85751955e-03
6.46875000e+02 1.54010479e-01 3.26080455e-04 4.88658932e-03
6.50000000e+02 1.55029481e-01 3.26080455e-04 4.91565908e-03
6.53125000e+02 1.56048482e-01 3.26080455e-04 4.94472885e-03
6.56250000e+02 1.57067483e-01 3.26080455e-04 4.97379862e-03
6.59375000e+02 1.58086485e-01 3.26080455e-04 5.00286839e-03
6.62500000e+02 1.59105486e-01 3.26080455e-04 5.03193815e-03
6.65625000e+02 1.60124488e-01 3.26080455e-04 5.06100792e-03
6.68750000e+02 1.61143489e-01 3.26080455e-04 5.09007769e-03
6.71875000e+02 1.62162491e-01 3.26080455e-04 5.11914746e-03
6.75000000e+02 1.63181492e-01 3.26080455e-04 5.14821722e-03
6.78125000e+02 1.64200493e-01 3.26080455e-04 5.17728699e-03
6.81250000e+02 1.65219495e-01 3.26080455e-04 5.20635676e-03
6.84375000e+02 1.66238496e-01 3.26080455e-04 5.23542653e-03
6.87500000e+02 1.67257498e-01 3.26080455e-04 5.26449629e-03
6.87500000e+02 1.67257498e-01 3.26080455e-04 5.26449629e-03
6.90625000e+02 1.68276499e-01 3.26080455e-04 5.29498410e-03
6.93750000e+02 1.69295501e-01 3.26080455e-04 5.32547190e-03
6.96875000e+02 1.70314502e-01 3.26080455e-04 5.35595971e-03
7.00000000e+02 1.71333503e-01 3.26080455e-04 5.38644751e-03
7.03125000e+02 1.72352505e-01 3.26080455e-04 5.41693532e-03
7.06250000e+02 1.73371506e-01 3.26080455e-04 5.44742312e-03
7.09375000e+02 1.74390508e-01 3.26080455e-04 5.47791093e-03
7.12500000e+02 1.75409509e-01 3.26080455e-04 5.50839873e-03
7.15625000e+02 1.76428510e-01 3.26080455e-04 5.53888654e-03
7.18750000e+02 1.77447512e-01 3.26080455e-04 5.56937434e-03
7.21875000e+02 1.78466513e-01 3.26080455e-04 5.59986215e-03
7.25000000e+02 1.79485515e-01 3.26080455e-04 5.63034995e-03
7.28125000e+02 1.80504516e-01 3.26080455e-04 5.66083776e-03
7.31250000e+02 1.81523518e-01 3.26080455e-04 5.69132556e-03
7.34375000e+02 1.82542519e-01 3.26080455e-04 5.72181337e-03
7.37500000e+02 1.83561520e-01 3.26080455e-04 5.75230117e-03
7.40625000e+02 1.84580522e-01 3.26080455e-04 5.78278898e-03
7.43750000e+02 1.85599523e-01 3.26080455e-04 5.81327678e-03
7.46875000e+02 1.86618525e-01 3.26080455e-04 5.84376459e-03
7.50000000e+02 1.87637526e-01 3.26080455e-04 5.87425239e-03
7.50000000e+02 1.87637526e-01 3.26080455e-04 5.87425239e-03
7.53125000e+02 1.88656528e-01 3.26080455e-04 5.90630367e-03
7.56250000e+02 1.89675529e-01 3.26080455e-04 5.93835495e-03
7.59375000e+02 1.90694530e-01 3.26080455e-04 5.97040624e-03
7.62500000e+02 1.91713532e-01 3.26080455e-04 6.00245752e-03
7.65625000e+02 1.92732533e-01 3.26080455e-04 6.03450880e-03
7.68750000e+02 1.93751535e-01 3.26080455e-04 6.06656008e-03
7.71875000e+02 1.94770536e-01 3.26080455e-04 6.09861136e-03
7.75000000e+02 1.95789538e-01 3.26080455e-04 6.13066265e-03
7.78125000e+02 1.96808539e-01 3.26080455e-04 6.16271393e-03
7.81250000e+02 1.97827540e-01 3.26080455e-04 6.19476521e-03
7.84375000e+02 1.98846542e-01 3.26080455e-04 6.22681649e-03
7.87500000e+02 1.99865543e-01 3.26080455e-04 6.25886778e-03
7.90625000e+02 2.00884545e-01 3.26080455e-04 6.29091906e-03
7.93750000e+02 2.01903546e-01 3.26080455e-04 6.32297034e-03
7.96875000e+02 2.02922547e-01 3.26080455e-04 6.35502162e-03
8.00000000e+02 2.03941549e-01 3.26080455e-04 6.38707290e-03
8.03125000e+02 2.04960550e-01 3.26080455e-04 6.41912419e-03
8.06250000e+02 2.05979552e-01 3.26080455e-04 6.45117547e-03
8.09375000e+02 2.06998553e-01 3.26080455e-04 6.48322675e-03
8.12500000e+02 2.08017555e-01 3.26080455e-04 6.51527803e-03
8.12500000e+02 2.08017555e-01 3.26080455e-04 6.51527803e-03
8.15625000e+02 2.09036556e-01 3.26080455e-04 6.54906182e-03
8.18750000e+02 2.10055557e-01 3.26080455e-04 6.58284560e-03
8.21875000e+02 2.11074559e-01 3.26080455e-04 6.61662938e-03
8.25000000e+02 2.12093560e-01 3.26080455e-04 6.65041317e-03
8.28125000e+02 2.13112562e-01 3.26080455e-04 6.68419695e-03
8.31250000e+02 2.14131563e-01 3.26080455e-04 6.71798073e-03
8.34375000e+02 2.15150565e-01 3.26080455e-04 6.75176452e-03
8.37500000e+02 2.16169566e-01 3.26080455e-04 6.78554830e-03
8.40625000e+02 2.17188567e-01 3.26080455e-04 6.81933209e-03
8.43750000e+02 2.18207569e-01 3.26080455e-04 6.85311587e-03
8.46875000e+02 2.19226570e-01 3.26080455e-04 6.88689965e-03
8.50000000e+02 2.20245572e-01 3.26080455e-04 6.92068344e-03
8.53125000e+02 2.21264573e-01 3.26080455e-04 6.95446722e-03
8.56250000e+02 2.22283575e-01 3.26080455e-04 6.98825100e-03
8.59375000e+02 2.23302576e-01 3.26080455e-04 7.02203479e-03
8.62500000e+02 2.24321577e-01 3.26080455e-04 7.05581857e-03
8.65625000e+02 2.25340579e-01 3.26080455e-04 7.08960236e-03
8.68750000e+02 2.26359580e-01 3.26080455e-04 7.12338614e-03
8.71875000e+02 2.27378582e-01 3.26080455e-04 7.15716992e-03
8.75000000e+02 2.28397583e-01 3.26080455e-04 7.19095371e-03
8.75000000e+02 2.28397583e-01 3.26080455e-04 7.19095371e-03
8.78125000e+02 2.29416584e-01 3.26080455e-04 7.22666799e-03
8.81250000e+02 2.30435586e-01 3.26080455e-04 7.26238228e-03
8.84375000e+02 2.31454587e-01 3.26080455e-04 7.29809656e-03
8.87500000e+02 2.32473589e-01 3.26080455e-04 7.33381085e-03
8.90625000e+02 2.33492590e-01 3.26080455e-04 7.36952514e-03
8.93750000e+02 2.34511592e-01 3.26080455e-04 7.40523942e-03
8.96875000e+02 2.35530593e-01 3.26080455e-04 7.44095371e-03
9.00000000e+02 2.36549594e-01 3.26080455e-04 7.47666799e-03
9.03125000e+02 2.37568596e-01 3.26080455e-04 7.51238228e-03
9.06250000e+02 2.38587597e-01 3.26080455e-04 7.54809656e-03
9.09375000e+02 2.39606599e-01 3.26080455e-04 7.58381085e-03
9.12500000e+02 2.40625600e-01 3.26080455e-04 7.61952514e-03
9.15625000e+02 2.41644602e-01 3.26080455e-04 7.65523942e-03
9.18750000e+02 2.42663603e-01 3.26080455e-04 7.69095371e-03
9.21875000e+02 2.43682604e-01 3.26080455e-04 7.72666799e-03
9.25000000e+02 2.44701606e-01 3.26080455e-04 7.76238228e-03
9.28125000e+02 2.45720607e-01 3.26080455e-04 7.79809656e-03
9.31250000e+02 2.46739609e-01 3.26080455e-04 7.83381085e-03
9.34375000e+02 2.47758610e-01 3.26080455e-04 7.86952514e-03
9.37500000e+02 2.48777612e-01 3.26080455e-04 7.90523942e-03
9.37500000e+02 2.48777612e-01 3.26080455e-04 7.90523942e-03
9.40625000e+02 2.49796613e-01 3.26080455e-04 7.94311821e-03
9.43750000e+02 2.50815614e-01 3.26080455e-04 7.98099700e-03
9.46875000e+02 2.51834616e-01 3.26080455e-04 8.01887579e-03
9.50000000e+02 2.52853617e-01 3.26080455e-04 8.05675457e-03
9.53125000e+02 2.53872619e-01 3.26080455e-04 8.09463336e-03
9.56250000e+02 2.54891620e-01 3.26080455e-04 8.13251215e-03
9.59375000e+02 2.55910621e-01 3.26080455e-04 8.17039094e-03
9.62500000e+02 2.56929623e-01 3.26080455e-04 8.20826972e-03
9.65625000e+02 2.57948624e-01 3.26080455e-04 8.24614851e-03
9.68750000e+02 2.58967626e-01 3.26080455e-04 8.28402730e-03
9.71875000e+02 2.59986627e-01 3.26080455e-04 8.32190609e-03
9.75000000e+02 2.61005629e-01 3.26080455e-04 8.35978488e-03
9.78125000e+02 2.62024630e-01 3.26080455e-04 8.39766366e-03
9.81250000e+02 2.63043631e-01 3.26080455e-04 8.43554245e-03
9.84375000e+02 2.64062633e-01 3.26080455e-04 8.47342124e-03
9.87500000e+02 2.65081634e-01 3.26080455e-04 8.51130003e-03
9.90625000e+02 2.66100636e-01 3.26080455e-04 8.54917882e-03
9.93750000e+02 2.67119637e-01 3.26080455e-04 8.58705760e-03
9.96875000e+02 2.68138639e-01 3.26080455e-04 8.62493639e-03
1.00000000e+03 2.69157640e-01 3.26080455e-04 8.66281518e-03
