z v theta phi
0.00000000e+00 -0.00000000e+00 0.00000000e+00 0.00000000e+00
1.25000000e+02 8.70034863e-03 1.34248703e-04 8.06451613e-04
2.50000000e+02 3.22374597e-02 2.36680635e-04 1.66852058e-03
3.75000000e+02 6.63494528e-02 3.02576161e-04 2.59444650e-03
5.00000000e+02 1.06116955e-01 3.26080760e-04 3.59444650e-03
6.25000000e+02 1.46877050e-01 3.26080760e-04 4.68140303e-03
7.50000000e+02 1.87637145e-01 3.26080760e-04 5.87187922e-03
8.75000000e+02 2.28397240e-01 3.26080760e-04 7.18766869e-03
1.00000000e+03 2.69157335e-01 3.26080760e-04 8.65825693e-03
