z v theta phi
0.00000000e+00 -0.00000000e+00 0.00000000e+00 0.00000000e+00
6.25000000e+01 2.25132836e-03 7.08426324e-05 3.96825397e-04
1.25000000e+02 8.70042668e-03 1.34248661e-04 8.06661462e-04
1.87500000e+02 1.88670058e-02 1.89713770e-04 1.23039028e-03
2.50000000e+02 3.22376342e-02 2.36680536e-04 1.66898677e-03
3.12500000e+02 4.82621839e-02 2.74530699e-04 2.12353222e-03
3.75000000e+02 6.63497499e-02 3.02575978e-04 2.59523033e-03
4.37500000e+02 8.58639401e-02 3.20047078e-04 3.08542641e-03
5.00000000e+02 1.06117412e-01 3.26080455e-04 3.59563050e-03
5.62500000e+02 1.26497441e-01 3.26080455e-04 4.12754539e-03
6.25000000e+02 1.46877469e-01 3.26080455e-04 4.68310094e-03
6.87500000e+02 1.67257498e-01 3.26080455e-04 5.26449629e-03
7.50000000e+02 1.87637526e-01 3.26080455e-04 5.87425239e-03
8.12500000e+02 2.08017555e-01 3.26080455e-04 6.51527803e-03
8.75000000e+02 2.28397583e-01 3.26080455e-04 7.19095371e-03
9.37500000e+02 2.48777612e-01 3.26080455e-04 7.90523942e-03
1.00000000e+03 2.69157640e-01 3.26080455e-04 8.66281518e-03
