z M V
0.00000000e+00 5.00000000e+02 1.00000000e+03
1.25000000e+02 3.75000000e+02 1.00000000e+03
1.25000000e+02 3.75000000e+02 1.00000000e+03
2.50000000e+02 2.50000000e+02 1.00000000e+03
2.50000000e+02 2.50000000e+02 1.00000000e+03
3.75000000e+02 1.25000000e+02 1.00000000e+03
3.75000000e+02 1.25000000e+02 1.00000000e+03
5.00000000e+02 0.00000000e+00 1.00000000e+03
5.00000000e+02 0.00000000e+00 0.00000000e+00
6.25000000e+02 0.00000000e+00 0.00000000e+00
6.25000000e+02 0.00000000e+00 0.00000000e+00
7.50000000e+02 0.00000000e+00 0.00000000e+00
7.50000000e+02 0.00000000e+00 0.00000000e+00
8.75000000e+02 0.00000000e+00 0.00000000e+00
8.75000000e+02 0.00000000e+00 0.00000000e+00
1.00000000e+03 0.00000000e+00 0.00000000e+00
