z v theta phi
0.00000000e+00 0.00000000e+00 0.00000000e+00 0.00000000e+00
1.25000000e+01 9.31715416e-05 1.48544581e-05 8.33333333e-05
2.50000000e+01 3.70036739e-04 2.93909849e-05 1.66666667e-04
3.75000000e+01 8.26621450e-04 4.36095803e-05 2.50000000e-04
5.00000000e+01 1.45895153e-03 5.75102445e-05 3.33333333e-04
6.25000000e+01 2.26305285e-03 7.10929773e-05 4.16666667e-04
7.50000000e+01 3.23495125e-03 8.43577787e-05 5.00000000e-04
8.75000000e+01 4.37067260e-03 9.73046489e-05 5.83333333e-04
1.00000000e+02 5.66624276e-03 1.09933588e-04 6.66666667e-04
1.12500000e+02 7.11768758e-03 1.22244595e-04 7.50000000e-04
1.25000000e+02 8.72103292e-03 1.34237671e-04 8.33333333e-04
1.37500000e+02 1.04723046e-02 1.45912816e-04 9.16666667e-04
1.50000000e+02 1.23675286e-02 1.57270030e-04 1.00000000e-03
1.62500000e+02 1.44027307e-02 1.68309312e-04 1.08333333e-03
1.75000000e+02 1.65739367e-02 1.79030663e-04 1.16666667e-03
1.87500000e+02 1.88771725e-02 1.89434082e-04 1.25000000e-03
2.00000000e+02 2.13084640e-02 1.99519570e-04 1.33333333e-03
2.12500000e+02 2.38638371e-02 2.09287127e-04 1.41666667e-03
2.25000000e+02 2.65393175e-02 2.18736753e-04 1.50000000e-03
2.37500000e+02 2.93309312e-02 2.27868447e-04 1.58333333e-03
2.50000000e+02 3.22347040e-02 2.36682210e-04 1.66666667e-03
2.50000000e+02 3.22347040e-02 2.36682210e-04 1.66666667e-03
2.62500000e+02 3.52467560e-02 2.45175528e-04 1.76282051e-03
2.75000000e+02 3.83623276e-02 2.53245357e-04 1.85897436e-03
2.87500000e+02 4.15761254e-02 2.60891696e-04 1.95512821e-03
3.00000000e+02 4.48828555e-02 2.68114546e-04 2.05128205e-03
3.12500000e+02 4.82772245e-02 2.74913906e-04 2.14743590e-03
3.25000000e+02 5.17539386e-02 2.81289776e-04 2.24358974e-03
3.37500000e+02 5.53077043e-02 2.87242157e-04 2.33974359e-03
3.50000000e+02 5.89332280e-02 2.92771049e-04 2.43589744e-03
3.62500000e+02 6.26252160e-02 2.97876451e-04 2.53205128e-03
3.75000000e+02 6.63783747e-02 3.02558363e-04 2.62820513e-03
3.87500000e+02 7.01874105e-02 3.06816786e-04 2.72435897e-03
4.00000000e+02 7.40470298e-02 3.10651719e-04 2.82051282e-03
4.12500000e+02 7.79519390e-02 3.14063162e-04 2.91666667e-03
4.25000000e+02 8.18968443e-02 3.17051116e-04 3.01282051e-03
4.37500000e+02 8.58764523e-02 3.19615581e-04 3.10897436e-03
4.50000000e+02 8.98854693e-02 3.21756556e-04 3.20512821e-03
4.62500000e+02 9.39186017e-02 3.23474041e-04 3.30128205e-03
4.75000000e+02 9.79705558e-02 3.24768037e-04 3.39743590e-03
4.87500000e+02 1.02036038e-01 3.25638543e-04 3.49358974e-03
5.00000000e+02 1.06109755e-01 3.26085560e-04 3.58974359e-03
5.00000000e+02 1.06109755e-01 3.26085560e-04 3.58974359e-03
5.12500000e+02 1.10185824e-01 3.26085560e-04 3.70337995e-03
5.25000000e+02 1.14261894e-01 3.26085560e-04 3.81701632e-03
5.37500000e+02 1.18337963e-01 3.26085560e-04 3.93065268e-03
5.50000000e+02 1.22414033e-01 3.26085560e-04 4.04428904e-03
5.62500000e+02 1.26490102e-01 3.26085560e-04 4.15792541e-03
5.75000000e+02 1.30566172e-01 3.26085560e-04 4.27156177e-03
5.87500000e+02 1.34642241e-01 3.26085560e-04 4.38519814e-03
6.00000000e+02 1.38718311e-01 3.26085560e-04 4.49883450e-03
6.12500000e+02 1.42794380e-01 3.26085560e-04 4.61247086e-03
6.25000000e+02 1.46870450e-01 3.26085560e-04 4.72610723e-03
6.37500000e+02 1.50946519e-01 3.26085560e-04 4.83974359e-03
6.50000000e+02 1.55022589e-01 3.26085560e-04 4.95337995e-03
6.62500000e+02 1.59098658e-01 3.26085560e-04 5.06701632e-03
6.75000000e+02 1.63174728e-01 3.26085560e-04 5.18065268e-03
6.87500000e+02 1.67250797e-01 3.26085560e-04 5.29428904e-03
7.00000000e+02 1.71326867e-01 3.26085560e-04 5.40792541e-03
7.12500000e+02 1.75402936e-01 3.26085560e-04 5.52156177e-03
7.25000000e+02 1.79479006e-01 3.26085560e-04 5.63519814e-03
7.37500000e+02 1.83555075e-01 3.26085560e-04 5.74883450e-03
7.50000000e+02 1.87631145e-01 3.26085560e-04 5.86247086e-03
7.50000000e+02 1.87631145e-01 3.26085560e-04 5.86247086e-03
7.62500000e+02 1.91707214e-01 3.26085560e-04 6.00135975e-03
7.75000000e+02 1.95783284e-01 3.26085560e-04 6.14024864e-03
7.87500000e+02 1.99859353e-01 3.26085560e-04 6.27913753e-03
8.00000000e+02 2.03935423e-01 3.26085560e-04 6.41802642e-03
8.12500000e+02 2.08011492e-01 3.26085560e-04 6.55691531e-03
8.25000000e+02 2.12087562e-01 3.26085560e-04 6.69580420e-03
8.37500000e+02 2.16163631e-01 3.26085560e-04 6.83469308e-03
8.50000000e+02 2.20239701e-01 3.26085560e-04 6.97358197e-03
8.62500000e+02 2.24315770e-01 3.26085560e-04 7.11247086e-03
8.75000000e+02 2.28391840e-01 3.26085560e-04 7.25135975e-03
8.87500000e+02 2.32467909e-01 3.26085560e-04 7.39024864e-03
9.00000000e+02 2.36543979e-01 3.26085560e-04 7.52913753e-03
9.12500000e+02 2.40620048e-01 3.26085560e-04 7.66802642e-03
9.25000000e+02 2.44696118e-01 3.26085560e-04 7.80691531e-03
9.37500000e+02 2.48772187e-01 3.26085560e-04 7.94580420e-03
9.50000000e+02 2.52848257e-01 3.26085560e-04 8.08469308e-03
9.62500000e+02 2.56924326e-01 3.26085560e-04 8.22358197e-03
9.75000000e+02 2.61000396e-01 3.26085560e-04 8.36247086e-03
9.87500000e+02 2.65076465e-01 3.26085560e-04 8.50135975e-03
1.00000000e+03 2.69152535e-01 3.26085560e-04 8.64024864e-03
